-29.000000
-32.000000
-32.000000
-31.000000
-27.000000
-31.000000
-33.000000
-33.000000
-33.000000
-31.000000
-32.000000
-29.000000
-33.000000
-33.000000
-29.000000
-32.000000
-30.500000
-30.500000
-31.000000
-33.000000
-31.000000
-30.000000
-30.000000
-30.000000
-31.000000
-30.500000
-32.000000
-30.000000
-30.000000
-32.000000
-32.000000
-30.500000
-30.500000
-31.000000
-33.000000
-31.000000
-30.000000
-30.000000
-30.000000
-31.000000
-30.500000
-32.000000
-30.000000
-30.000000
-32.000000
-31.000000
-31.000000
-31.000000
-31.000000
-31.000000
-31.000000
-31.000000
-31.000000
-31.000000
-31.000000
-31.000000
-31.000000
-31.000000
-31.000000
-31.000000
-27.000000
-33.000000
-33.000000
-31.000000
-23.000000
-31.000000
-35.000000
-35.000000
-35.000000
-31.000000
-33.000000
-27.000000
-35.000000
-35.000000
-27.000000
-31.000000
-31.000000
-31.000000
-31.000000
-31.000000
-31.000000
-31.000000
-31.000000
-31.000000
-31.000000
-31.000000
-31.000000
-31.000000
-31.000000
-31.000000
-33.000000
-30.000000
-30.000000
-31.000000
-35.000000
-31.000000
-29.000000
-29.000000
-29.000000
-31.000000
-30.000000
-33.000000
-29.000000
-29.000000
-33.000000
-33.000000
-30.000000
-30.000000
-31.000000
-35.000000
-31.000000
-29.000000
-29.000000
-29.000000
-31.000000
-30.000000
-33.000000
-29.000000
-29.000000
-33.000000
-33.000000
-30.000000
-30.000000
-31.000000
-35.000000
-31.000000
-29.000000
-29.000000
-29.000000
-31.000000
-30.000000
-33.000000
-29.000000
-29.000000
-33.000000
-31.000000
-31.000000
-31.000000
-31.000000
-31.000000
-31.000000
-31.000000
-31.000000
-31.000000
-31.000000
-31.000000
-31.000000
-31.000000
-31.000000
-31.000000
-32.000000
-30.500000
-30.500000
-31.000000
-33.000000
-31.000000
-30.000000
-30.000000
-30.000000
-31.000000
-30.500000
-32.000000
-30.000000
-30.000000
-32.000000
-29.000000
-32.000000
-32.000000
-31.000000
-27.000000
-31.000000
-33.000000
-33.000000
-33.000000
-31.000000
-32.000000
-29.000000
-33.000000
-33.000000
-29.000000
-33.000000
-30.000000
-30.000000
-31.000000
-35.000000
-31.000000
-29.000000
-29.000000
-29.000000
-31.000000
-30.000000
-33.000000
-29.000000
-29.000000
-33.000000
-33.000000
-30.000000
-30.000000
-31.000000
-35.000000
-31.000000
-29.000000
-29.000000
-29.000000
-31.000000
-30.000000
-33.000000
-29.000000
-29.000000
-33.000000
-29.000000
-32.000000
-32.000000
-31.000000
-27.000000
-31.000000
-33.000000
-33.000000
-33.000000
-31.000000
-32.000000
-29.000000
-33.000000
-33.000000
-29.000000
