-75.500000
-89.500000
-81.500000
-83.500000
-83.500000
-85.500000
-75.500000
-83.500000
-79.500000
-85.500000
-79.500000
-83.500000
-87.500000
-81.500000
-81.500000
-81.500000
-83.500000
-87.500000
-89.500000
-77.500000
-79.500000
-91.500000
-77.500000
-85.500000
-81.500000
-89.500000
-79.000000
-85.000000
-83.500000
-83.500000
-82.000000
-89.500000
-83.500000
-86.500000
-82.000000
-86.500000
-83.500000
-80.500000
-85.000000
-85.000000
-85.000000
-83.500000
-80.500000
-79.000000
-88.000000
-86.500000
-77.500000
-88.000000
-82.000000
-85.000000
-81.500000
-85.000000
-83.000000
-83.500000
-83.500000
-84.000000
-81.500000
-83.500000
-82.500000
-84.000000
-82.500000
-83.500000
-84.500000
-83.000000
-83.000000
-83.000000
-83.500000
-84.500000
-85.000000
-82.000000
-82.500000
-85.500000
-82.000000
-84.000000
-83.000000
-83.500000
-83.500000
-83.500000
-83.500000
-83.500000
-83.500000
-83.500000
-83.500000
-83.500000
-83.500000
-83.500000
-83.500000
-83.500000
-83.500000
-83.500000
-83.500000
-83.500000
-83.500000
-83.500000
-83.500000
-83.500000
-83.500000
-83.500000
-83.500000
-83.500000
-83.500000
-83.500000
-83.500000
-83.500000
-83.500000
-83.500000
-83.500000
-83.500000
-83.500000
-83.500000
-83.500000
-83.500000
-83.500000
-83.500000
-83.500000
-83.500000
-83.500000
-83.500000
-83.500000
-83.500000
-83.500000
-83.500000
-83.500000
-83.500000
-83.500000
-85.500000
-82.000000
-84.000000
-83.500000
-83.500000
-83.000000
-85.500000
-83.500000
-84.500000
-83.000000
-84.500000
-83.500000
-82.500000
-84.000000
-84.000000
-84.000000
-83.500000
-82.500000
-82.000000
-85.000000
-84.500000
-81.500000
-85.000000
-83.000000
-84.000000
-75.500000
-89.500000
-81.500000
-83.500000
-83.500000
-85.500000
-75.500000
-83.500000
-79.500000
-85.500000
-79.500000
-83.500000
-87.500000
-81.500000
-81.500000
-81.500000
-83.500000
-87.500000
-89.500000
-77.500000
-79.500000
-91.500000
-77.500000
-85.500000
-81.500000
-83.500000
-83.500000
-83.500000
-83.500000
-83.500000
-83.500000
-83.500000
-83.500000
-83.500000
-83.500000
-83.500000
-83.500000
-83.500000
-83.500000
-83.500000
-83.500000
-83.500000
-83.500000
-83.500000
-83.500000
-83.500000
-83.500000
-83.500000
-83.500000
-83.500000
-79.500000
-86.500000
-82.500000
-83.500000
-83.500000
-84.500000
-79.500000
-83.500000
-81.500000
-84.500000
-81.500000
-83.500000
-85.500000
-82.500000
-82.500000
-82.500000
-83.500000
-85.500000
-86.500000
-80.500000
-81.500000
-87.500000
-80.500000
-84.500000
-82.500000
-85.500000
-82.000000
-84.000000
-83.500000
-83.500000
-83.000000
-85.500000
-83.500000
-84.500000
-83.000000
-84.500000
-83.500000
-82.500000
-84.000000
-84.000000
-84.000000
-83.500000
-82.500000
-82.000000
-85.000000
-84.500000
-81.500000
-85.000000
-83.000000
-84.000000
-79.500000
-86.500000
-82.500000
-83.500000
-83.500000
-84.500000
-79.500000
-83.500000
-81.500000
-84.500000
-81.500000
-83.500000
-85.500000
-82.500000
-82.500000
-82.500000
-83.500000
-85.500000
-86.500000
-80.500000
-81.500000
-87.500000
-80.500000
-84.500000
-82.500000
-83.500000
-83.500000
-83.500000
-83.500000
-83.500000
-83.500000
-83.500000
-83.500000
-83.500000
-83.500000
-83.500000
-83.500000
-83.500000
-83.500000
-83.500000
-83.500000
-83.500000
-83.500000
-83.500000
-83.500000
-83.500000
-83.500000
-83.500000
-83.500000
-83.500000
-87.500000
-80.500000
-84.500000
-83.500000
-83.500000
-82.500000
-87.500000
-83.500000
-85.500000
-82.500000
-85.500000
-83.500000
-81.500000
-84.500000
-84.500000
-84.500000
-83.500000
-81.500000
-80.500000
-86.500000
-85.500000
-79.500000
-86.500000
-82.500000
-84.500000
-81.500000
-85.000000
-83.000000
-83.500000
-83.500000
-84.000000
-81.500000
-83.500000
-82.500000
-84.000000
-82.500000
-83.500000
-84.500000
-83.000000
-83.000000
-83.000000
-83.500000
-84.500000
-85.000000
-82.000000
-82.500000
-85.500000
-82.000000
-84.000000
-83.000000
-81.500000
-85.000000
-83.000000
-83.500000
-83.500000
-84.000000
-81.500000
-83.500000
-82.500000
-84.000000
-82.500000
-83.500000
-84.500000
-83.000000
-83.000000
-83.000000
-83.500000
-84.500000
-85.000000
-82.000000
-82.500000
-85.500000
-82.000000
-84.000000
-83.000000
-81.500000
-85.000000
-83.000000
-83.500000
-83.500000
-84.000000
-81.500000
-83.500000
-82.500000
-84.000000
-82.500000
-83.500000
-84.500000
-83.000000
-83.000000
-83.000000
-83.500000
-84.500000
-85.000000
-82.000000
-82.500000
-85.500000
-82.000000
-84.000000
-83.000000
-83.500000
-83.500000
-83.500000
-83.500000
-83.500000
-83.500000
-83.500000
-83.500000
-83.500000
-83.500000
-83.500000
-83.500000
-83.500000
-83.500000
-83.500000
-83.500000
-83.500000
-83.500000
-83.500000
-83.500000
-83.500000
-83.500000
-83.500000
-83.500000
-83.500000
-87.500000
-80.500000
-84.500000
-83.500000
-83.500000
-82.500000
-87.500000
-83.500000
-85.500000
-82.500000
-85.500000
-83.500000
-81.500000
-84.500000
-84.500000
-84.500000
-83.500000
-81.500000
-80.500000
-86.500000
-85.500000
-79.500000
-86.500000
-82.500000
-84.500000
-89.500000
-79.000000
-85.000000
-83.500000
-83.500000
-82.000000
-89.500000
-83.500000
-86.500000
-82.000000
-86.500000
-83.500000
-80.500000
-85.000000
-85.000000
-85.000000
-83.500000
-80.500000
-79.000000
-88.000000
-86.500000
-77.500000
-88.000000
-82.000000
-85.000000
-77.500000
-88.000000
-82.000000
-83.500000
-83.500000
-85.000000
-77.500000
-83.500000
-80.500000
-85.000000
-80.500000
-83.500000
-86.500000
-82.000000
-82.000000
-82.000000
-83.500000
-86.500000
-88.000000
-79.000000
-80.500000
-89.500000
-79.000000
-85.000000
-82.000000
-79.500000
-86.500000
-82.500000
-83.500000
-83.500000
-84.500000
-79.500000
-83.500000
-81.500000
-84.500000
-81.500000
-83.500000
-85.500000
-82.500000
-82.500000
-82.500000
-83.500000
-85.500000
-86.500000
-80.500000
-81.500000
-87.500000
-80.500000
-84.500000
-82.500000
-91.500000
-77.500000
-85.500000
-83.500000
-83.500000
-81.500000
-91.500000
-83.500000
-87.500000
-81.500000
-87.500000
-83.500000
-79.500000
-85.500000
-85.500000
-85.500000
-83.500000
-79.500000
-77.500000
-89.500000
-87.500000
-75.500000
-89.500000
-81.500000
-85.500000
-77.500000
-88.000000
-82.000000
-83.500000
-83.500000
-85.000000
-77.500000
-83.500000
-80.500000
-85.000000
-80.500000
-83.500000
-86.500000
-82.000000
-82.000000
-82.000000
-83.500000
-86.500000
-88.000000
-79.000000
-80.500000
-89.500000
-79.000000
-85.000000
-82.000000
-85.500000
-82.000000
-84.000000
-83.500000
-83.500000
-83.000000
-85.500000
-83.500000
-84.500000
-83.000000
-84.500000
-83.500000
-82.500000
-84.000000
-84.000000
-84.000000
-83.500000
-82.500000
-82.000000
-85.000000
-84.500000
-81.500000
-85.000000
-83.000000
-84.000000
-81.500000
-85.000000
-83.000000
-83.500000
-83.500000
-84.000000
-81.500000
-83.500000
-82.500000
-84.000000
-82.500000
-83.500000
-84.500000
-83.000000
-83.000000
-83.000000
-83.500000
-84.500000
-85.000000
-82.000000
-82.500000
-85.500000
-82.000000
-84.000000
-83.000000
