-53.000000
-57.500000
-51.500000
-55.250000
-53.000000
-53.000000
-53.750000
-54.500000
-55.250000
-55.250000
-56.750000
-53.750000
-53.000000
-56.000000
-53.750000
-56.000000
-54.500000
-56.000000
-53.750000
-56.000000
-57.500000
-44.000000
-62.000000
-50.750000
-57.500000
-57.500000
-55.250000
-53.000000
-50.750000
-50.750000
-46.250000
-55.250000
-57.500000
-48.500000
-55.250000
-48.500000
-53.000000
-48.500000
-55.250000
-48.500000
-51.500000
-62.000000
-48.000000
-56.750000
-51.500000
-51.500000
-53.250000
-55.000000
-56.750000
-56.750000
-60.250000
-53.250000
-51.500000
-58.500000
-53.250000
-58.500000
-55.000000
-58.500000
-53.250000
-58.500000
-55.250000
-50.750000
-56.750000
-53.000000
-55.250000
-55.250000
-54.500000
-53.750000
-53.000000
-53.000000
-51.500000
-54.500000
-55.250000
-52.250000
-54.500000
-52.250000
-53.750000
-52.250000
-54.500000
-52.250000
-53.000000
-57.500000
-51.500000
-55.250000
-53.000000
-53.000000
-53.750000
-54.500000
-55.250000
-55.250000
-56.750000
-53.750000
-53.000000
-56.000000
-53.750000
-56.000000
-54.500000
-56.000000
-53.750000
-56.000000
-53.000000
-57.500000
-51.500000
-55.250000
-53.000000
-53.000000
-53.750000
-54.500000
-55.250000
-55.250000
-56.750000
-53.750000
-53.000000
-56.000000
-53.750000
-56.000000
-54.500000
-56.000000
-53.750000
-56.000000
-53.750000
-55.250000
-53.250000
-54.500000
-53.750000
-53.750000
-54.000000
-54.250000
-54.500000
-54.500000
-55.000000
-54.000000
-53.750000
-54.750000
-54.000000
-54.750000
-54.250000
-54.750000
-54.000000
-54.750000
-54.500000
-53.000000
-55.000000
-53.750000
-54.500000
-54.500000
-54.250000
-54.000000
-53.750000
-53.750000
-53.250000
-54.250000
-54.500000
-53.500000
-54.250000
-53.500000
-54.000000
-53.500000
-54.250000
-53.500000
-55.250000
-50.750000
-56.750000
-53.000000
-55.250000
-55.250000
-54.500000
-53.750000
-53.000000
-53.000000
-51.500000
-54.500000
-55.250000
-52.250000
-54.500000
-52.250000
-53.750000
-52.250000
-54.500000
-52.250000
-55.250000
-50.750000
-56.750000
-53.000000
-55.250000
-55.250000
-54.500000
-53.750000
-53.000000
-53.000000
-51.500000
-54.500000
-55.250000
-52.250000
-54.500000
-52.250000
-53.750000
-52.250000
-54.500000
-52.250000
-56.750000
-46.250000
-60.250000
-51.500000
-56.750000
-56.750000
-55.000000
-53.250000
-51.500000
-51.500000
-48.000000
-55.000000
-56.750000
-49.750000
-55.000000
-49.750000
-53.250000
-49.750000
-55.000000
-49.750000
-53.750000
-55.250000
-53.250000
-54.500000
-53.750000
-53.750000
-54.000000
-54.250000
-54.500000
-54.500000
-55.000000
-54.000000
-53.750000
-54.750000
-54.000000
-54.750000
-54.250000
-54.750000
-54.000000
-54.750000
-53.000000
-57.500000
-51.500000
-55.250000
-53.000000
-53.000000
-53.750000
-54.500000
-55.250000
-55.250000
-56.750000
-53.750000
-53.000000
-56.000000
-53.750000
-56.000000
-54.500000
-56.000000
-53.750000
-56.000000
-56.000000
-48.500000
-58.500000
-52.250000
-56.000000
-56.000000
-54.750000
-53.500000
-52.250000
-52.250000
-49.750000
-54.750000
-56.000000
-51.000000
-54.750000
-51.000000
-53.500000
-51.000000
-54.750000
-51.000000
-53.750000
-55.250000
-53.250000
-54.500000
-53.750000
-53.750000
-54.000000
-54.250000
-54.500000
-54.500000
-55.000000
-54.000000
-53.750000
-54.750000
-54.000000
-54.750000
-54.250000
-54.750000
-54.000000
-54.750000
-56.000000
-48.500000
-58.500000
-52.250000
-56.000000
-56.000000
-54.750000
-53.500000
-52.250000
-52.250000
-49.750000
-54.750000
-56.000000
-51.000000
-54.750000
-51.000000
-53.500000
-51.000000
-54.750000
-51.000000
-54.500000
-53.000000
-55.000000
-53.750000
-54.500000
-54.500000
-54.250000
-54.000000
-53.750000
-53.750000
-53.250000
-54.250000
-54.500000
-53.500000
-54.250000
-53.500000
-54.000000
-53.500000
-54.250000
-53.500000
-56.000000
-48.500000
-58.500000
-52.250000
-56.000000
-56.000000
-54.750000
-53.500000
-52.250000
-52.250000
-49.750000
-54.750000
-56.000000
-51.000000
-54.750000
-51.000000
-53.500000
-51.000000
-54.750000
-51.000000
-53.750000
-55.250000
-53.250000
-54.500000
-53.750000
-53.750000
-54.000000
-54.250000
-54.500000
-54.500000
-55.000000
-54.000000
-53.750000
-54.750000
-54.000000
-54.750000
-54.250000
-54.750000
-54.000000
-54.750000
-56.000000
-48.500000
-58.500000
-52.250000
-56.000000
-56.000000
-54.750000
-53.500000
-52.250000
-52.250000
-49.750000
-54.750000
-56.000000
-51.000000
-54.750000
-51.000000
-53.500000
-51.000000
-54.750000
-51.000000
