-113.000000
-118.250000
-121.750000
-118.250000
-118.250000
-121.750000
-111.250000
-120.000000
-116.500000
-121.750000
-111.250000
-109.500000
-116.500000
-107.750000
-123.500000
-120.000000
-125.250000
-120.000000
-116.500000
-125.250000
-127.000000
-111.250000
-114.750000
-116.500000
-109.500000
-118.250000
-120.000000
-116.500000
-116.500000
-116.500000
-118.250000
-119.000000
-119.500000
-119.000000
-119.000000
-119.500000
-118.000000
-119.250000
-118.750000
-119.500000
-118.000000
-117.750000
-118.750000
-117.500000
-119.750000
-119.250000
-120.000000
-119.250000
-118.750000
-120.000000
-120.250000
-118.000000
-118.500000
-118.750000
-117.750000
-119.000000
-119.250000
-118.750000
-118.750000
-118.750000
-121.750000
-119.500000
-118.000000
-119.500000
-119.500000
-118.000000
-122.500000
-118.750000
-120.250000
-118.000000
-122.500000
-123.250000
-120.250000
-124.000000
-117.250000
-118.750000
-116.500000
-118.750000
-120.250000
-116.500000
-115.750000
-122.500000
-121.000000
-120.250000
-123.250000
-119.500000
-118.750000
-120.250000
-120.250000
-120.250000
-118.250000
-119.000000
-119.500000
-119.000000
-119.000000
-119.500000
-118.000000
-119.250000
-118.750000
-119.500000
-118.000000
-117.750000
-118.750000
-117.500000
-119.750000
-119.250000
-120.000000
-119.250000
-118.750000
-120.000000
-120.250000
-118.000000
-118.500000
-118.750000
-117.750000
-119.000000
-119.250000
-118.750000
-118.750000
-118.750000
-118.250000
-119.000000
-119.500000
-119.000000
-119.000000
-119.500000
-118.000000
-119.250000
-118.750000
-119.500000
-118.000000
-117.750000
-118.750000
-117.500000
-119.750000
-119.250000
-120.000000
-119.250000
-118.750000
-120.000000
-120.250000
-118.000000
-118.500000
-118.750000
-117.750000
-119.000000
-119.250000
-118.750000
-118.750000
-118.750000
-121.750000
-119.500000
-118.000000
-119.500000
-119.500000
-118.000000
-122.500000
-118.750000
-120.250000
-118.000000
-122.500000
-123.250000
-120.250000
-124.000000
-117.250000
-118.750000
-116.500000
-118.750000
-120.250000
-116.500000
-115.750000
-122.500000
-121.000000
-120.250000
-123.250000
-119.500000
-118.750000
-120.250000
-120.250000
-120.250000
-111.250000
-118.000000
-122.500000
-118.000000
-118.000000
-122.500000
-109.000000
-120.250000
-115.750000
-122.500000
-109.000000
-106.750000
-115.750000
-104.500000
-124.750000
-120.250000
-127.000000
-120.250000
-115.750000
-127.000000
-129.250000
-109.000000
-113.500000
-115.750000
-106.750000
-118.000000
-120.250000
-115.750000
-115.750000
-115.750000
-120.000000
-119.250000
-118.750000
-119.250000
-119.250000
-118.750000
-120.250000
-119.000000
-119.500000
-118.750000
-120.250000
-120.500000
-119.500000
-120.750000
-118.500000
-119.000000
-118.250000
-119.000000
-119.500000
-118.250000
-118.000000
-120.250000
-119.750000
-119.500000
-120.500000
-119.250000
-119.000000
-119.500000
-119.500000
-119.500000
-116.500000
-118.750000
-120.250000
-118.750000
-118.750000
-120.250000
-115.750000
-119.500000
-118.000000
-120.250000
-115.750000
-115.000000
-118.000000
-114.250000
-121.000000
-119.500000
-121.750000
-119.500000
-118.000000
-121.750000
-122.500000
-115.750000
-117.250000
-118.000000
-115.000000
-118.750000
-119.500000
-118.000000
-118.000000
-118.000000
-121.750000
-119.500000
-118.000000
-119.500000
-119.500000
-118.000000
-122.500000
-118.750000
-120.250000
-118.000000
-122.500000
-123.250000
-120.250000
-124.000000
-117.250000
-118.750000
-116.500000
-118.750000
-120.250000
-116.500000
-115.750000
-122.500000
-121.000000
-120.250000
-123.250000
-119.500000
-118.750000
-120.250000
-120.250000
-120.250000
-111.250000
-118.000000
-122.500000
-118.000000
-118.000000
-122.500000
-109.000000
-120.250000
-115.750000
-122.500000
-109.000000
-106.750000
-115.750000
-104.500000
-124.750000
-120.250000
-127.000000
-120.250000
-115.750000
-127.000000
-129.250000
-109.000000
-113.500000
-115.750000
-106.750000
-118.000000
-120.250000
-115.750000
-115.750000
-115.750000
-109.500000
-117.750000
-123.250000
-117.750000
-117.750000
-123.250000
-106.750000
-120.500000
-115.000000
-123.250000
-106.750000
-104.000000
-115.000000
-101.250000
-126.000000
-120.500000
-128.750000
-120.500000
-115.000000
-128.750000
-131.500000
-106.750000
-112.250000
-115.000000
-104.000000
-117.750000
-120.500000
-115.000000
-115.000000
-115.000000
-116.500000
-118.750000
-120.250000
-118.750000
-118.750000
-120.250000
-115.750000
-119.500000
-118.000000
-120.250000
-115.750000
-115.000000
-118.000000
-114.250000
-121.000000
-119.500000
-121.750000
-119.500000
-118.000000
-121.750000
-122.500000
-115.750000
-117.250000
-118.000000
-115.000000
-118.750000
-119.500000
-118.000000
-118.000000
-118.000000
-107.750000
-117.500000
-124.000000
-117.500000
-117.500000
-124.000000
-104.500000
-120.750000
-114.250000
-124.000000
-104.500000
-101.250000
-114.250000
-98.000000
-127.250000
-120.750000
-130.500000
-120.750000
-114.250000
-130.500000
-133.750000
-104.500000
-111.000000
-114.250000
-101.250000
-117.500000
-120.750000
-114.250000
-114.250000
-114.250000
-123.500000
-119.750000
-117.250000
-119.750000
-119.750000
-117.250000
-124.750000
-118.500000
-121.000000
-117.250000
-124.750000
-126.000000
-121.000000
-127.250000
-116.000000
-118.500000
-114.750000
-118.500000
-121.000000
-114.750000
-113.500000
-124.750000
-122.250000
-121.000000
-126.000000
-119.750000
-118.500000
-121.000000
-121.000000
-121.000000
-120.000000
-119.250000
-118.750000
-119.250000
-119.250000
-118.750000
-120.250000
-119.000000
-119.500000
-118.750000
-120.250000
-120.500000
-119.500000
-120.750000
-118.500000
-119.000000
-118.250000
-119.000000
-119.500000
-118.250000
-118.000000
-120.250000
-119.750000
-119.500000
-120.500000
-119.250000
-119.000000
-119.500000
-119.500000
-119.500000
-125.250000
-120.000000
-116.500000
-120.000000
-120.000000
-116.500000
-127.000000
-118.250000
-121.750000
-116.500000
-127.000000
-128.750000
-121.750000
-130.500000
-114.750000
-118.250000
-113.000000
-118.250000
-121.750000
-113.000000
-111.250000
-127.000000
-123.500000
-121.750000
-128.750000
-120.000000
-118.250000
-121.750000
-121.750000
-121.750000
-120.000000
-119.250000
-118.750000
-119.250000
-119.250000
-118.750000
-120.250000
-119.000000
-119.500000
-118.750000
-120.250000
-120.500000
-119.500000
-120.750000
-118.500000
-119.000000
-118.250000
-119.000000
-119.500000
-118.250000
-118.000000
-120.250000
-119.750000
-119.500000
-120.500000
-119.250000
-119.000000
-119.500000
-119.500000
-119.500000
-116.500000
-118.750000
-120.250000
-118.750000
-118.750000
-120.250000
-115.750000
-119.500000
-118.000000
-120.250000
-115.750000
-115.000000
-118.000000
-114.250000
-121.000000
-119.500000
-121.750000
-119.500000
-118.000000
-121.750000
-122.500000
-115.750000
-117.250000
-118.000000
-115.000000
-118.750000
-119.500000
-118.000000
-118.000000
-118.000000
-125.250000
-120.000000
-116.500000
-120.000000
-120.000000
-116.500000
-127.000000
-118.250000
-121.750000
-116.500000
-127.000000
-128.750000
-121.750000
-130.500000
-114.750000
-118.250000
-113.000000
-118.250000
-121.750000
-113.000000
-111.250000
-127.000000
-123.500000
-121.750000
-128.750000
-120.000000
-118.250000
-121.750000
-121.750000
-121.750000
-127.000000
-120.250000
-115.750000
-120.250000
-120.250000
-115.750000
-129.250000
-118.000000
-122.500000
-115.750000
-129.250000
-131.500000
-122.500000
-133.750000
-113.500000
-118.000000
-111.250000
-118.000000
-122.500000
-111.250000
-109.000000
-129.250000
-124.750000
-122.500000
-131.500000
-120.250000
-118.000000
-122.500000
-122.500000
-122.500000
-111.250000
-118.000000
-122.500000
-118.000000
-118.000000
-122.500000
-109.000000
-120.250000
-115.750000
-122.500000
-109.000000
-106.750000
-115.750000
-104.500000
-124.750000
-120.250000
-127.000000
-120.250000
-115.750000
-127.000000
-129.250000
-109.000000
-113.500000
-115.750000
-106.750000
-118.000000
-120.250000
-115.750000
-115.750000
-115.750000
-114.750000
-118.500000
-121.000000
-118.500000
-118.500000
-121.000000
-113.500000
-119.750000
-117.250000
-121.000000
-113.500000
-112.250000
-117.250000
-111.000000
-122.250000
-119.750000
-123.500000
-119.750000
-117.250000
-123.500000
-124.750000
-113.500000
-116.000000
-117.250000
-112.250000
-118.500000
-119.750000
-117.250000
-117.250000
-117.250000
-116.500000
-118.750000
-120.250000
-118.750000
-118.750000
-120.250000
-115.750000
-119.500000
-118.000000
-120.250000
-115.750000
-115.000000
-118.000000
-114.250000
-121.000000
-119.500000
-121.750000
-119.500000
-118.000000
-121.750000
-122.500000
-115.750000
-117.250000
-118.000000
-115.000000
-118.750000
-119.500000
-118.000000
-118.000000
-118.000000
-109.500000
-117.750000
-123.250000
-117.750000
-117.750000
-123.250000
-106.750000
-120.500000
-115.000000
-123.250000
-106.750000
-104.000000
-115.000000
-101.250000
-126.000000
-120.500000
-128.750000
-120.500000
-115.000000
-128.750000
-131.500000
-106.750000
-112.250000
-115.000000
-104.000000
-117.750000
-120.500000
-115.000000
-115.000000
-115.000000
-118.250000
-119.000000
-119.500000
-119.000000
-119.000000
-119.500000
-118.000000
-119.250000
-118.750000
-119.500000
-118.000000
-117.750000
-118.750000
-117.500000
-119.750000
-119.250000
-120.000000
-119.250000
-118.750000
-120.000000
-120.250000
-118.000000
-118.500000
-118.750000
-117.750000
-119.000000
-119.250000
-118.750000
-118.750000
-118.750000
-120.000000
-119.250000
-118.750000
-119.250000
-119.250000
-118.750000
-120.250000
-119.000000
-119.500000
-118.750000
-120.250000
-120.500000
-119.500000
-120.750000
-118.500000
-119.000000
-118.250000
-119.000000
-119.500000
-118.250000
-118.000000
-120.250000
-119.750000
-119.500000
-120.500000
-119.250000
-119.000000
-119.500000
-119.500000
-119.500000
-116.500000
-118.750000
-120.250000
-118.750000
-118.750000
-120.250000
-115.750000
-119.500000
-118.000000
-120.250000
-115.750000
-115.000000
-118.000000
-114.250000
-121.000000
-119.500000
-121.750000
-119.500000
-118.000000
-121.750000
-122.500000
-115.750000
-117.250000
-118.000000
-115.000000
-118.750000
-119.500000
-118.000000
-118.000000
-118.000000
-116.500000
-118.750000
-120.250000
-118.750000
-118.750000
-120.250000
-115.750000
-119.500000
-118.000000
-120.250000
-115.750000
-115.000000
-118.000000
-114.250000
-121.000000
-119.500000
-121.750000
-119.500000
-118.000000
-121.750000
-122.500000
-115.750000
-117.250000
-118.000000
-115.000000
-118.750000
-119.500000
-118.000000
-118.000000
-118.000000
-116.500000
-118.750000
-120.250000
-118.750000
-118.750000
-120.250000
-115.750000
-119.500000
-118.000000
-120.250000
-115.750000
-115.000000
-118.000000
-114.250000
-121.000000
-119.500000
-121.750000
-119.500000
-118.000000
-121.750000
-122.500000
-115.750000
-117.250000
-118.000000
-115.000000
-118.750000
-119.500000
-118.000000
-118.000000
-118.000000
