-160.500000
-161.000000
-161.000000
-161.500000
-162.500000
-161.500000
-162.000000
-160.000000
-161.000000
-158.500000
-161.500000
-163.000000
-165.000000
-160.500000
-163.000000
-163.500000
-159.500000
-160.000000
-159.000000
-162.000000
-158.000000
-163.000000
-162.500000
-159.000000
-160.500000
-162.000000
-160.000000
-163.500000
-162.000000
-159.000000
-159.000000
-160.000000
-161.500000
-162.500000
-161.500000
-161.000000
-161.000000
-161.000000
-161.000000
-161.000000
-161.000000
-161.000000
-161.000000
-161.000000
-161.000000
-161.000000
-161.000000
-161.000000
-161.000000
-161.000000
-161.000000
-161.000000
-161.000000
-161.000000
-161.000000
-161.000000
-161.000000
-161.000000
-161.000000
-161.000000
-161.000000
-161.000000
-161.000000
-161.000000
-161.000000
-161.000000
-161.000000
-161.000000
-161.000000
-161.000000
-161.000000
-161.000000
-161.000000
-161.000000
-161.000000
-161.000000
-161.000000
-161.000000
-161.000000
-161.000000
-161.000000
-161.000000
-161.000000
-161.000000
-161.000000
-161.000000
-161.000000
-161.000000
-161.000000
-161.000000
-161.000000
-161.000000
-161.000000
-161.000000
-161.000000
-161.000000
-161.000000
-161.000000
-161.000000
-161.000000
-161.000000
-161.000000
-161.000000
-161.000000
-161.000000
-161.500000
-161.000000
-161.000000
-160.500000
-159.500000
-160.500000
-160.000000
-162.000000
-161.000000
-163.500000
-160.500000
-159.000000
-157.000000
-161.500000
-159.000000
-158.500000
-162.500000
-162.000000
-163.000000
-160.000000
-164.000000
-159.000000
-159.500000
-163.000000
-161.500000
-160.000000
-162.000000
-158.500000
-160.000000
-163.000000
-163.000000
-162.000000
-160.500000
-159.500000
-160.500000
-162.500000
-161.000000
-161.000000
-159.500000
-156.500000
-159.500000
-158.000000
-164.000000
-161.000000
-168.500000
-159.500000
-155.000000
-149.000000
-162.500000
-155.000000
-153.500000
-165.500000
-164.000000
-167.000000
-158.000000
-170.000000
-155.000000
-156.500000
-167.000000
-162.500000
-158.000000
-164.000000
-153.500000
-158.000000
-167.000000
-167.000000
-164.000000
-159.500000
-156.500000
-159.500000
-161.500000
-161.000000
-161.000000
-160.500000
-159.500000
-160.500000
-160.000000
-162.000000
-161.000000
-163.500000
-160.500000
-159.000000
-157.000000
-161.500000
-159.000000
-158.500000
-162.500000
-162.000000
-163.000000
-160.000000
-164.000000
-159.000000
-159.500000
-163.000000
-161.500000
-160.000000
-162.000000
-158.500000
-160.000000
-163.000000
-163.000000
-162.000000
-160.500000
-159.500000
-160.500000
-162.000000
-161.000000
-161.000000
-160.000000
-158.000000
-160.000000
-159.000000
-163.000000
-161.000000
-166.000000
-160.000000
-157.000000
-153.000000
-162.000000
-157.000000
-156.000000
-164.000000
-163.000000
-165.000000
-159.000000
-167.000000
-157.000000
-158.000000
-165.000000
-162.000000
-159.000000
-163.000000
-156.000000
-159.000000
-165.000000
-165.000000
-163.000000
-160.000000
-158.000000
-160.000000
-160.000000
-161.000000
-161.000000
-162.000000
-164.000000
-162.000000
-163.000000
-159.000000
-161.000000
-156.000000
-162.000000
-165.000000
-169.000000
-160.000000
-165.000000
-166.000000
-158.000000
-159.000000
-157.000000
-163.000000
-155.000000
-165.000000
-164.000000
-157.000000
-160.000000
-163.000000
-159.000000
-166.000000
-163.000000
-157.000000
-157.000000
-159.000000
-162.000000
-164.000000
-162.000000
-161.000000
-161.000000
-161.000000
-161.000000
-161.000000
-161.000000
-161.000000
-161.000000
-161.000000
-161.000000
-161.000000
-161.000000
-161.000000
-161.000000
-161.000000
-161.000000
-161.000000
-161.000000
-161.000000
-161.000000
-161.000000
-161.000000
-161.000000
-161.000000
-161.000000
-161.000000
-161.000000
-161.000000
-161.000000
-161.000000
-161.000000
-161.000000
-161.000000
-161.000000
-161.000000
-158.500000
-161.000000
-161.000000
-163.500000
-168.500000
-163.500000
-166.000000
-156.000000
-161.000000
-148.500000
-163.500000
-171.000000
-181.000000
-158.500000
-171.000000
-173.500000
-153.500000
-156.000000
-151.000000
-166.000000
-146.000000
-171.000000
-168.500000
-151.000000
-158.500000
-166.000000
-156.000000
-173.500000
-166.000000
-151.000000
-151.000000
-156.000000
-163.500000
-168.500000
-163.500000
-161.500000
-161.000000
-161.000000
-160.500000
-159.500000
-160.500000
-160.000000
-162.000000
-161.000000
-163.500000
-160.500000
-159.000000
-157.000000
-161.500000
-159.000000
-158.500000
-162.500000
-162.000000
-163.000000
-160.000000
-164.000000
-159.000000
-159.500000
-163.000000
-161.500000
-160.000000
-162.000000
-158.500000
-160.000000
-163.000000
-163.000000
-162.000000
-160.500000
-159.500000
-160.500000
-163.000000
-161.000000
-161.000000
-159.000000
-155.000000
-159.000000
-157.000000
-165.000000
-161.000000
-171.000000
-159.000000
-153.000000
-145.000000
-163.000000
-153.000000
-151.000000
-167.000000
-165.000000
-169.000000
-157.000000
-173.000000
-153.000000
-155.000000
-169.000000
-163.000000
-157.000000
-165.000000
-151.000000
-157.000000
-169.000000
-169.000000
-165.000000
-159.000000
-155.000000
-159.000000
-165.000000
-161.000000
-161.000000
-157.000000
-149.000000
-157.000000
-153.000000
-169.000000
-161.000000
-181.000000
-157.000000
-145.000000
-129.000000
-165.000000
-145.000000
-141.000000
-173.000000
-169.000000
-177.000000
-153.000000
-185.000000
-145.000000
-149.000000
-177.000000
-165.000000
-153.000000
-169.000000
-141.000000
-153.000000
-177.000000
-177.000000
-169.000000
-157.000000
-149.000000
-157.000000
-160.500000
-161.000000
-161.000000
-161.500000
-162.500000
-161.500000
-162.000000
-160.000000
-161.000000
-158.500000
-161.500000
-163.000000
-165.000000
-160.500000
-163.000000
-163.500000
-159.500000
-160.000000
-159.000000
-162.000000
-158.000000
-163.000000
-162.500000
-159.000000
-160.500000
-162.000000
-160.000000
-163.500000
-162.000000
-159.000000
-159.000000
-160.000000
-161.500000
-162.500000
-161.500000
-163.000000
-161.000000
-161.000000
-159.000000
-155.000000
-159.000000
-157.000000
-165.000000
-161.000000
-171.000000
-159.000000
-153.000000
-145.000000
-163.000000
-153.000000
-151.000000
-167.000000
-165.000000
-169.000000
-157.000000
-173.000000
-153.000000
-155.000000
-169.000000
-163.000000
-157.000000
-165.000000
-151.000000
-157.000000
-169.000000
-169.000000
-165.000000
-159.000000
-155.000000
-159.000000
-163.500000
-161.000000
-161.000000
-158.500000
-153.500000
-158.500000
-156.000000
-166.000000
-161.000000
-173.500000
-158.500000
-151.000000
-141.000000
-163.500000
-151.000000
-148.500000
-168.500000
-166.000000
-171.000000
-156.000000
-176.000000
-151.000000
-153.500000
-171.000000
-163.500000
-156.000000
-166.000000
-148.500000
-156.000000
-171.000000
-171.000000
-166.000000
-158.500000
-153.500000
-158.500000
-159.500000
-161.000000
-161.000000
-162.500000
-165.500000
-162.500000
-164.000000
-158.000000
-161.000000
-153.500000
-162.500000
-167.000000
-173.000000
-159.500000
-167.000000
-168.500000
-156.500000
-158.000000
-155.000000
-164.000000
-152.000000
-167.000000
-165.500000
-155.000000
-159.500000
-164.000000
-158.000000
-168.500000
-164.000000
-155.000000
-155.000000
-158.000000
-162.500000
-165.500000
-162.500000
-160.000000
-161.000000
-161.000000
-162.000000
-164.000000
-162.000000
-163.000000
-159.000000
-161.000000
-156.000000
-162.000000
-165.000000
-169.000000
-160.000000
-165.000000
-166.000000
-158.000000
-159.000000
-157.000000
-163.000000
-155.000000
-165.000000
-164.000000
-157.000000
-160.000000
-163.000000
-159.000000
-166.000000
-163.000000
-157.000000
-157.000000
-159.000000
-162.000000
-164.000000
-162.000000
-159.000000
-161.000000
-161.000000
-163.000000
-167.000000
-163.000000
-165.000000
-157.000000
-161.000000
-151.000000
-163.000000
-169.000000
-177.000000
-159.000000
-169.000000
-171.000000
-155.000000
-157.000000
-153.000000
-165.000000
-149.000000
-169.000000
-167.000000
-153.000000
-159.000000
-165.000000
-157.000000
-171.000000
-165.000000
-153.000000
-153.000000
-157.000000
-163.000000
-167.000000
-163.000000
-162.000000
-161.000000
-161.000000
-160.000000
-158.000000
-160.000000
-159.000000
-163.000000
-161.000000
-166.000000
-160.000000
-157.000000
-153.000000
-162.000000
-157.000000
-156.000000
-164.000000
-163.000000
-165.000000
-159.000000
-167.000000
-157.000000
-158.000000
-165.000000
-162.000000
-159.000000
-163.000000
-156.000000
-159.000000
-165.000000
-165.000000
-163.000000
-160.000000
-158.000000
-160.000000
-158.000000
-161.000000
-161.000000
-164.000000
-170.000000
-164.000000
-167.000000
-155.000000
-161.000000
-146.000000
-164.000000
-173.000000
-185.000000
-158.000000
-173.000000
-176.000000
-152.000000
-155.000000
-149.000000
-167.000000
-143.000000
-173.000000
-170.000000
-149.000000
-158.000000
-167.000000
-155.000000
-176.000000
-167.000000
-149.000000
-149.000000
-155.000000
-164.000000
-170.000000
-164.000000
-163.000000
-161.000000
-161.000000
-159.000000
-155.000000
-159.000000
-157.000000
-165.000000
-161.000000
-171.000000
-159.000000
-153.000000
-145.000000
-163.000000
-153.000000
-151.000000
-167.000000
-165.000000
-169.000000
-157.000000
-173.000000
-153.000000
-155.000000
-169.000000
-163.000000
-157.000000
-165.000000
-151.000000
-157.000000
-169.000000
-169.000000
-165.000000
-159.000000
-155.000000
-159.000000
-162.500000
-161.000000
-161.000000
-159.500000
-156.500000
-159.500000
-158.000000
-164.000000
-161.000000
-168.500000
-159.500000
-155.000000
-149.000000
-162.500000
-155.000000
-153.500000
-165.500000
-164.000000
-167.000000
-158.000000
-170.000000
-155.000000
-156.500000
-167.000000
-162.500000
-158.000000
-164.000000
-153.500000
-158.000000
-167.000000
-167.000000
-164.000000
-159.500000
-156.500000
-159.500000
-159.000000
-161.000000
-161.000000
-163.000000
-167.000000
-163.000000
-165.000000
-157.000000
-161.000000
-151.000000
-163.000000
-169.000000
-177.000000
-159.000000
-169.000000
-171.000000
-155.000000
-157.000000
-153.000000
-165.000000
-149.000000
-169.000000
-167.000000
-153.000000
-159.000000
-165.000000
-157.000000
-171.000000
-165.000000
-153.000000
-153.000000
-157.000000
-163.000000
-167.000000
-163.000000
-160.500000
-161.000000
-161.000000
-161.500000
-162.500000
-161.500000
-162.000000
-160.000000
-161.000000
-158.500000
-161.500000
-163.000000
-165.000000
-160.500000
-163.000000
-163.500000
-159.500000
-160.000000
-159.000000
-162.000000
-158.000000
-163.000000
-162.500000
-159.000000
-160.500000
-162.000000
-160.000000
-163.500000
-162.000000
-159.000000
-159.000000
-160.000000
-161.500000
-162.500000
-161.500000
-162.000000
-161.000000
-161.000000
-160.000000
-158.000000
-160.000000
-159.000000
-163.000000
-161.000000
-166.000000
-160.000000
-157.000000
-153.000000
-162.000000
-157.000000
-156.000000
-164.000000
-163.000000
-165.000000
-159.000000
-167.000000
-157.000000
-158.000000
-165.000000
-162.000000
-159.000000
-163.000000
-156.000000
-159.000000
-165.000000
-165.000000
-163.000000
-160.000000
-158.000000
-160.000000
-160.000000
-161.000000
-161.000000
-162.000000
-164.000000
-162.000000
-163.000000
-159.000000
-161.000000
-156.000000
-162.000000
-165.000000
-169.000000
-160.000000
-165.000000
-166.000000
-158.000000
-159.000000
-157.000000
-163.000000
-155.000000
-165.000000
-164.000000
-157.000000
-160.000000
-163.000000
-159.000000
-166.000000
-163.000000
-157.000000
-157.000000
-159.000000
-162.000000
-164.000000
-162.000000
-163.500000
-161.000000
-161.000000
-158.500000
-153.500000
-158.500000
-156.000000
-166.000000
-161.000000
-173.500000
-158.500000
-151.000000
-141.000000
-163.500000
-151.000000
-148.500000
-168.500000
-166.000000
-171.000000
-156.000000
-176.000000
-151.000000
-153.500000
-171.000000
-163.500000
-156.000000
-166.000000
-148.500000
-156.000000
-171.000000
-171.000000
-166.000000
-158.500000
-153.500000
-158.500000
-162.000000
-161.000000
-161.000000
-160.000000
-158.000000
-160.000000
-159.000000
-163.000000
-161.000000
-166.000000
-160.000000
-157.000000
-153.000000
-162.000000
-157.000000
-156.000000
-164.000000
-163.000000
-165.000000
-159.000000
-167.000000
-157.000000
-158.000000
-165.000000
-162.000000
-159.000000
-163.000000
-156.000000
-159.000000
-165.000000
-165.000000
-163.000000
-160.000000
-158.000000
-160.000000
-159.000000
-161.000000
-161.000000
-163.000000
-167.000000
-163.000000
-165.000000
-157.000000
-161.000000
-151.000000
-163.000000
-169.000000
-177.000000
-159.000000
-169.000000
-171.000000
-155.000000
-157.000000
-153.000000
-165.000000
-149.000000
-169.000000
-167.000000
-153.000000
-159.000000
-165.000000
-157.000000
-171.000000
-165.000000
-153.000000
-153.000000
-157.000000
-163.000000
-167.000000
-163.000000
-159.000000
-161.000000
-161.000000
-163.000000
-167.000000
-163.000000
-165.000000
-157.000000
-161.000000
-151.000000
-163.000000
-169.000000
-177.000000
-159.000000
-169.000000
-171.000000
-155.000000
-157.000000
-153.000000
-165.000000
-149.000000
-169.000000
-167.000000
-153.000000
-159.000000
-165.000000
-157.000000
-171.000000
-165.000000
-153.000000
-153.000000
-157.000000
-163.000000
-167.000000
-163.000000
-160.000000
-161.000000
-161.000000
-162.000000
-164.000000
-162.000000
-163.000000
-159.000000
-161.000000
-156.000000
-162.000000
-165.000000
-169.000000
-160.000000
-165.000000
-166.000000
-158.000000
-159.000000
-157.000000
-163.000000
-155.000000
-165.000000
-164.000000
-157.000000
-160.000000
-163.000000
-159.000000
-166.000000
-163.000000
-157.000000
-157.000000
-159.000000
-162.000000
-164.000000
-162.000000
-161.500000
-161.000000
-161.000000
-160.500000
-159.500000
-160.500000
-160.000000
-162.000000
-161.000000
-163.500000
-160.500000
-159.000000
-157.000000
-161.500000
-159.000000
-158.500000
-162.500000
-162.000000
-163.000000
-160.000000
-164.000000
-159.000000
-159.500000
-163.000000
-161.500000
-160.000000
-162.000000
-158.500000
-160.000000
-163.000000
-163.000000
-162.000000
-160.500000
-159.500000
-160.500000
-162.500000
-161.000000
-161.000000
-159.500000
-156.500000
-159.500000
-158.000000
-164.000000
-161.000000
-168.500000
-159.500000
-155.000000
-149.000000
-162.500000
-155.000000
-153.500000
-165.500000
-164.000000
-167.000000
-158.000000
-170.000000
-155.000000
-156.500000
-167.000000
-162.500000
-158.000000
-164.000000
-153.500000
-158.000000
-167.000000
-167.000000
-164.000000
-159.500000
-156.500000
-159.500000
-161.500000
-161.000000
-161.000000
-160.500000
-159.500000
-160.500000
-160.000000
-162.000000
-161.000000
-163.500000
-160.500000
-159.000000
-157.000000
-161.500000
-159.000000
-158.500000
-162.500000
-162.000000
-163.000000
-160.000000
-164.000000
-159.000000
-159.500000
-163.000000
-161.500000
-160.000000
-162.000000
-158.500000
-160.000000
-163.000000
-163.000000
-162.000000
-160.500000
-159.500000
-160.500000
