-206.000000
-209.750000
-207.250000
-208.500000
-203.500000
-209.750000
-208.500000
-204.750000
-211.000000
-211.000000
-207.250000
-213.500000
-204.750000
-213.500000
-213.500000
-201.000000
-206.000000
-207.250000
-208.500000
-211.000000
-207.250000
-214.750000
-206.000000
-202.250000
-206.000000
-207.250000
-206.000000
-209.750000
-211.000000
-203.500000
-212.250000
-212.250000
-208.500000
-209.750000
-209.750000
-211.000000
-204.750000
-208.500000
-211.000000
-214.750000
-209.750000
-209.000000
-209.500000
-209.250000
-210.250000
-209.000000
-209.250000
-210.000000
-208.750000
-208.750000
-209.500000
-208.250000
-210.000000
-208.250000
-208.250000
-210.750000
-209.750000
-209.500000
-209.250000
-208.750000
-209.500000
-208.000000
-209.750000
-210.500000
-209.750000
-209.500000
-209.750000
-209.000000
-208.750000
-210.250000
-208.500000
-208.500000
-209.250000
-209.000000
-209.000000
-208.750000
-210.000000
-209.250000
-208.750000
-208.000000
-207.250000
-209.500000
-208.000000
-208.750000
-205.750000
-209.500000
-208.750000
-206.500000
-210.250000
-210.250000
-208.000000
-211.750000
-206.500000
-211.750000
-211.750000
-204.250000
-207.250000
-208.000000
-208.750000
-210.250000
-208.000000
-212.500000
-207.250000
-205.000000
-207.250000
-208.000000
-207.250000
-209.500000
-210.250000
-205.750000
-211.000000
-211.000000
-208.750000
-209.500000
-209.500000
-210.250000
-206.500000
-208.750000
-210.250000
-212.500000
-208.500000
-209.250000
-208.750000
-209.000000
-208.000000
-209.250000
-209.000000
-208.250000
-209.500000
-209.500000
-208.750000
-210.000000
-208.250000
-210.000000
-210.000000
-207.500000
-208.500000
-208.750000
-209.000000
-209.500000
-208.750000
-210.250000
-208.500000
-207.750000
-208.500000
-208.750000
-208.500000
-209.250000
-209.500000
-208.000000
-209.750000
-209.750000
-209.000000
-209.250000
-209.250000
-209.500000
-208.250000
-209.000000
-209.500000
-210.250000
-203.500000
-210.250000
-205.750000
-208.000000
-199.000000
-210.250000
-208.000000
-201.250000
-212.500000
-212.500000
-205.750000
-217.000000
-201.250000
-217.000000
-217.000000
-194.500000
-203.500000
-205.750000
-208.000000
-212.500000
-205.750000
-219.250000
-203.500000
-196.750000
-203.500000
-205.750000
-203.500000
-210.250000
-212.500000
-199.000000
-214.750000
-214.750000
-208.000000
-210.250000
-210.250000
-212.500000
-201.250000
-208.000000
-212.500000
-219.250000
-209.750000
-209.000000
-209.500000
-209.250000
-210.250000
-209.000000
-209.250000
-210.000000
-208.750000
-208.750000
-209.500000
-208.250000
-210.000000
-208.250000
-208.250000
-210.750000
-209.750000
-209.500000
-209.250000
-208.750000
-209.500000
-208.000000
-209.750000
-210.500000
-209.750000
-209.500000
-209.750000
-209.000000
-208.750000
-210.250000
-208.500000
-208.500000
-209.250000
-209.000000
-209.000000
-208.750000
-210.000000
-209.250000
-208.750000
-208.000000
-208.500000
-209.250000
-208.750000
-209.000000
-208.000000
-209.250000
-209.000000
-208.250000
-209.500000
-209.500000
-208.750000
-210.000000
-208.250000
-210.000000
-210.000000
-207.500000
-208.500000
-208.750000
-209.000000
-209.500000
-208.750000
-210.250000
-208.500000
-207.750000
-208.500000
-208.750000
-208.500000
-209.250000
-209.500000
-208.000000
-209.750000
-209.750000
-209.000000
-209.250000
-209.250000
-209.500000
-208.250000
-209.000000
-209.500000
-210.250000
-204.750000
-210.000000
-206.500000
-208.250000
-201.250000
-210.000000
-208.250000
-203.000000
-211.750000
-211.750000
-206.500000
-215.250000
-203.000000
-215.250000
-215.250000
-197.750000
-204.750000
-206.500000
-208.250000
-211.750000
-206.500000
-217.000000
-204.750000
-199.500000
-204.750000
-206.500000
-204.750000
-210.000000
-211.750000
-201.250000
-213.500000
-213.500000
-208.250000
-210.000000
-210.000000
-211.750000
-203.000000
-208.250000
-211.750000
-217.000000
-211.000000
-208.750000
-210.250000
-209.500000
-212.500000
-208.750000
-209.500000
-211.750000
-208.000000
-208.000000
-210.250000
-206.500000
-211.750000
-206.500000
-206.500000
-214.000000
-211.000000
-210.250000
-209.500000
-208.000000
-210.250000
-205.750000
-211.000000
-213.250000
-211.000000
-210.250000
-211.000000
-208.750000
-208.000000
-212.500000
-207.250000
-207.250000
-209.500000
-208.750000
-208.750000
-208.000000
-211.750000
-209.500000
-208.000000
-205.750000
-211.000000
-208.750000
-210.250000
-209.500000
-212.500000
-208.750000
-209.500000
-211.750000
-208.000000
-208.000000
-210.250000
-206.500000
-211.750000
-206.500000
-206.500000
-214.000000
-211.000000
-210.250000
-209.500000
-208.000000
-210.250000
-205.750000
-211.000000
-213.250000
-211.000000
-210.250000
-211.000000
-208.750000
-208.000000
-212.500000
-207.250000
-207.250000
-209.500000
-208.750000
-208.750000
-208.000000
-211.750000
-209.500000
-208.000000
-205.750000
-207.250000
-209.500000
-208.000000
-208.750000
-205.750000
-209.500000
-208.750000
-206.500000
-210.250000
-210.250000
-208.000000
-211.750000
-206.500000
-211.750000
-211.750000
-204.250000
-207.250000
-208.000000
-208.750000
-210.250000
-208.000000
-212.500000
-207.250000
-205.000000
-207.250000
-208.000000
-207.250000
-209.500000
-210.250000
-205.750000
-211.000000
-211.000000
-208.750000
-209.500000
-209.500000
-210.250000
-206.500000
-208.750000
-210.250000
-212.500000
-213.500000
-208.250000
-211.750000
-210.000000
-217.000000
-208.250000
-210.000000
-215.250000
-206.500000
-206.500000
-211.750000
-203.000000
-215.250000
-203.000000
-203.000000
-220.500000
-213.500000
-211.750000
-210.000000
-206.500000
-211.750000
-201.250000
-213.500000
-218.750000
-213.500000
-211.750000
-213.500000
-208.250000
-206.500000
-217.000000
-204.750000
-204.750000
-210.000000
-208.250000
-208.250000
-206.500000
-215.250000
-210.000000
-206.500000
-201.250000
-204.750000
-210.000000
-206.500000
-208.250000
-201.250000
-210.000000
-208.250000
-203.000000
-211.750000
-211.750000
-206.500000
-215.250000
-203.000000
-215.250000
-215.250000
-197.750000
-204.750000
-206.500000
-208.250000
-211.750000
-206.500000
-217.000000
-204.750000
-199.500000
-204.750000
-206.500000
-204.750000
-210.000000
-211.750000
-201.250000
-213.500000
-213.500000
-208.250000
-210.000000
-210.000000
-211.750000
-203.000000
-208.250000
-211.750000
-217.000000
-213.500000
-208.250000
-211.750000
-210.000000
-217.000000
-208.250000
-210.000000
-215.250000
-206.500000
-206.500000
-211.750000
-203.000000
-215.250000
-203.000000
-203.000000
-220.500000
-213.500000
-211.750000
-210.000000
-206.500000
-211.750000
-201.250000
-213.500000
-218.750000
-213.500000
-211.750000
-213.500000
-208.250000
-206.500000
-217.000000
-204.750000
-204.750000
-210.000000
-208.250000
-208.250000
-206.500000
-215.250000
-210.000000
-206.500000
-201.250000
-213.500000
-208.250000
-211.750000
-210.000000
-217.000000
-208.250000
-210.000000
-215.250000
-206.500000
-206.500000
-211.750000
-203.000000
-215.250000
-203.000000
-203.000000
-220.500000
-213.500000
-211.750000
-210.000000
-206.500000
-211.750000
-201.250000
-213.500000
-218.750000
-213.500000
-211.750000
-213.500000
-208.250000
-206.500000
-217.000000
-204.750000
-204.750000
-210.000000
-208.250000
-208.250000
-206.500000
-215.250000
-210.000000
-206.500000
-201.250000
-201.000000
-210.750000
-204.250000
-207.500000
-194.500000
-210.750000
-207.500000
-197.750000
-214.000000
-214.000000
-204.250000
-220.500000
-197.750000
-220.500000
-220.500000
-188.000000
-201.000000
-204.250000
-207.500000
-214.000000
-204.250000
-223.750000
-201.000000
-191.250000
-201.000000
-204.250000
-201.000000
-210.750000
-214.000000
-194.500000
-217.250000
-217.250000
-207.500000
-210.750000
-210.750000
-214.000000
-197.750000
-207.500000
-214.000000
-223.750000
-206.000000
-209.750000
-207.250000
-208.500000
-203.500000
-209.750000
-208.500000
-204.750000
-211.000000
-211.000000
-207.250000
-213.500000
-204.750000
-213.500000
-213.500000
-201.000000
-206.000000
-207.250000
-208.500000
-211.000000
-207.250000
-214.750000
-206.000000
-202.250000
-206.000000
-207.250000
-206.000000
-209.750000
-211.000000
-203.500000
-212.250000
-212.250000
-208.500000
-209.750000
-209.750000
-211.000000
-204.750000
-208.500000
-211.000000
-214.750000
-207.250000
-209.500000
-208.000000
-208.750000
-205.750000
-209.500000
-208.750000
-206.500000
-210.250000
-210.250000
-208.000000
-211.750000
-206.500000
-211.750000
-211.750000
-204.250000
-207.250000
-208.000000
-208.750000
-210.250000
-208.000000
-212.500000
-207.250000
-205.000000
-207.250000
-208.000000
-207.250000
-209.500000
-210.250000
-205.750000
-211.000000
-211.000000
-208.750000
-209.500000
-209.500000
-210.250000
-206.500000
-208.750000
-210.250000
-212.500000
-208.500000
-209.250000
-208.750000
-209.000000
-208.000000
-209.250000
-209.000000
-208.250000
-209.500000
-209.500000
-208.750000
-210.000000
-208.250000
-210.000000
-210.000000
-207.500000
-208.500000
-208.750000
-209.000000
-209.500000
-208.750000
-210.250000
-208.500000
-207.750000
-208.500000
-208.750000
-208.500000
-209.250000
-209.500000
-208.000000
-209.750000
-209.750000
-209.000000
-209.250000
-209.250000
-209.500000
-208.250000
-209.000000
-209.500000
-210.250000
-211.000000
-208.750000
-210.250000
-209.500000
-212.500000
-208.750000
-209.500000
-211.750000
-208.000000
-208.000000
-210.250000
-206.500000
-211.750000
-206.500000
-206.500000
-214.000000
-211.000000
-210.250000
-209.500000
-208.000000
-210.250000
-205.750000
-211.000000
-213.250000
-211.000000
-210.250000
-211.000000
-208.750000
-208.000000
-212.500000
-207.250000
-207.250000
-209.500000
-208.750000
-208.750000
-208.000000
-211.750000
-209.500000
-208.000000
-205.750000
-207.250000
-209.500000
-208.000000
-208.750000
-205.750000
-209.500000
-208.750000
-206.500000
-210.250000
-210.250000
-208.000000
-211.750000
-206.500000
-211.750000
-211.750000
-204.250000
-207.250000
-208.000000
-208.750000
-210.250000
-208.000000
-212.500000
-207.250000
-205.000000
-207.250000
-208.000000
-207.250000
-209.500000
-210.250000
-205.750000
-211.000000
-211.000000
-208.750000
-209.500000
-209.500000
-210.250000
-206.500000
-208.750000
-210.250000
-212.500000
-214.750000
-208.000000
-212.500000
-210.250000
-219.250000
-208.000000
-210.250000
-217.000000
-205.750000
-205.750000
-212.500000
-201.250000
-217.000000
-201.250000
-201.250000
-223.750000
-214.750000
-212.500000
-210.250000
-205.750000
-212.500000
-199.000000
-214.750000
-221.500000
-214.750000
-212.500000
-214.750000
-208.000000
-205.750000
-219.250000
-203.500000
-203.500000
-210.250000
-208.000000
-208.000000
-205.750000
-217.000000
-210.250000
-205.750000
-199.000000
-206.000000
-209.750000
-207.250000
-208.500000
-203.500000
-209.750000
-208.500000
-204.750000
-211.000000
-211.000000
-207.250000
-213.500000
-204.750000
-213.500000
-213.500000
-201.000000
-206.000000
-207.250000
-208.500000
-211.000000
-207.250000
-214.750000
-206.000000
-202.250000
-206.000000
-207.250000
-206.000000
-209.750000
-211.000000
-203.500000
-212.250000
-212.250000
-208.500000
-209.750000
-209.750000
-211.000000
-204.750000
-208.500000
-211.000000
-214.750000
-202.250000
-210.500000
-205.000000
-207.750000
-196.750000
-210.500000
-207.750000
-199.500000
-213.250000
-213.250000
-205.000000
-218.750000
-199.500000
-218.750000
-218.750000
-191.250000
-202.250000
-205.000000
-207.750000
-213.250000
-205.000000
-221.500000
-202.250000
-194.000000
-202.250000
-205.000000
-202.250000
-210.500000
-213.250000
-196.750000
-216.000000
-216.000000
-207.750000
-210.500000
-210.500000
-213.250000
-199.500000
-207.750000
-213.250000
-221.500000
-206.000000
-209.750000
-207.250000
-208.500000
-203.500000
-209.750000
-208.500000
-204.750000
-211.000000
-211.000000
-207.250000
-213.500000
-204.750000
-213.500000
-213.500000
-201.000000
-206.000000
-207.250000
-208.500000
-211.000000
-207.250000
-214.750000
-206.000000
-202.250000
-206.000000
-207.250000
-206.000000
-209.750000
-211.000000
-203.500000
-212.250000
-212.250000
-208.500000
-209.750000
-209.750000
-211.000000
-204.750000
-208.500000
-211.000000
-214.750000
-207.250000
-209.500000
-208.000000
-208.750000
-205.750000
-209.500000
-208.750000
-206.500000
-210.250000
-210.250000
-208.000000
-211.750000
-206.500000
-211.750000
-211.750000
-204.250000
-207.250000
-208.000000
-208.750000
-210.250000
-208.000000
-212.500000
-207.250000
-205.000000
-207.250000
-208.000000
-207.250000
-209.500000
-210.250000
-205.750000
-211.000000
-211.000000
-208.750000
-209.500000
-209.500000
-210.250000
-206.500000
-208.750000
-210.250000
-212.500000
-206.000000
-209.750000
-207.250000
-208.500000
-203.500000
-209.750000
-208.500000
-204.750000
-211.000000
-211.000000
-207.250000
-213.500000
-204.750000
-213.500000
-213.500000
-201.000000
-206.000000
-207.250000
-208.500000
-211.000000
-207.250000
-214.750000
-206.000000
-202.250000
-206.000000
-207.250000
-206.000000
-209.750000
-211.000000
-203.500000
-212.250000
-212.250000
-208.500000
-209.750000
-209.750000
-211.000000
-204.750000
-208.500000
-211.000000
-214.750000
-209.750000
-209.000000
-209.500000
-209.250000
-210.250000
-209.000000
-209.250000
-210.000000
-208.750000
-208.750000
-209.500000
-208.250000
-210.000000
-208.250000
-208.250000
-210.750000
-209.750000
-209.500000
-209.250000
-208.750000
-209.500000
-208.000000
-209.750000
-210.500000
-209.750000
-209.500000
-209.750000
-209.000000
-208.750000
-210.250000
-208.500000
-208.500000
-209.250000
-209.000000
-209.000000
-208.750000
-210.000000
-209.250000
-208.750000
-208.000000
-211.000000
-208.750000
-210.250000
-209.500000
-212.500000
-208.750000
-209.500000
-211.750000
-208.000000
-208.000000
-210.250000
-206.500000
-211.750000
-206.500000
-206.500000
-214.000000
-211.000000
-210.250000
-209.500000
-208.000000
-210.250000
-205.750000
-211.000000
-213.250000
-211.000000
-210.250000
-211.000000
-208.750000
-208.000000
-212.500000
-207.250000
-207.250000
-209.500000
-208.750000
-208.750000
-208.000000
-211.750000
-209.500000
-208.000000
-205.750000
-203.500000
-210.250000
-205.750000
-208.000000
-199.000000
-210.250000
-208.000000
-201.250000
-212.500000
-212.500000
-205.750000
-217.000000
-201.250000
-217.000000
-217.000000
-194.500000
-203.500000
-205.750000
-208.000000
-212.500000
-205.750000
-219.250000
-203.500000
-196.750000
-203.500000
-205.750000
-203.500000
-210.250000
-212.500000
-199.000000
-214.750000
-214.750000
-208.000000
-210.250000
-210.250000
-212.500000
-201.250000
-208.000000
-212.500000
-219.250000
-212.250000
-208.500000
-211.000000
-209.750000
-214.750000
-208.500000
-209.750000
-213.500000
-207.250000
-207.250000
-211.000000
-204.750000
-213.500000
-204.750000
-204.750000
-217.250000
-212.250000
-211.000000
-209.750000
-207.250000
-211.000000
-203.500000
-212.250000
-216.000000
-212.250000
-211.000000
-212.250000
-208.500000
-207.250000
-214.750000
-206.000000
-206.000000
-209.750000
-208.500000
-208.500000
-207.250000
-213.500000
-209.750000
-207.250000
-203.500000
-212.250000
-208.500000
-211.000000
-209.750000
-214.750000
-208.500000
-209.750000
-213.500000
-207.250000
-207.250000
-211.000000
-204.750000
-213.500000
-204.750000
-204.750000
-217.250000
-212.250000
-211.000000
-209.750000
-207.250000
-211.000000
-203.500000
-212.250000
-216.000000
-212.250000
-211.000000
-212.250000
-208.500000
-207.250000
-214.750000
-206.000000
-206.000000
-209.750000
-208.500000
-208.500000
-207.250000
-213.500000
-209.750000
-207.250000
-203.500000
-208.500000
-209.250000
-208.750000
-209.000000
-208.000000
-209.250000
-209.000000
-208.250000
-209.500000
-209.500000
-208.750000
-210.000000
-208.250000
-210.000000
-210.000000
-207.500000
-208.500000
-208.750000
-209.000000
-209.500000
-208.750000
-210.250000
-208.500000
-207.750000
-208.500000
-208.750000
-208.500000
-209.250000
-209.500000
-208.000000
-209.750000
-209.750000
-209.000000
-209.250000
-209.250000
-209.500000
-208.250000
-209.000000
-209.500000
-210.250000
-209.750000
-209.000000
-209.500000
-209.250000
-210.250000
-209.000000
-209.250000
-210.000000
-208.750000
-208.750000
-209.500000
-208.250000
-210.000000
-208.250000
-208.250000
-210.750000
-209.750000
-209.500000
-209.250000
-208.750000
-209.500000
-208.000000
-209.750000
-210.500000
-209.750000
-209.500000
-209.750000
-209.000000
-208.750000
-210.250000
-208.500000
-208.500000
-209.250000
-209.000000
-209.000000
-208.750000
-210.000000
-209.250000
-208.750000
-208.000000
-209.750000
-209.000000
-209.500000
-209.250000
-210.250000
-209.000000
-209.250000
-210.000000
-208.750000
-208.750000
-209.500000
-208.250000
-210.000000
-208.250000
-208.250000
-210.750000
-209.750000
-209.500000
-209.250000
-208.750000
-209.500000
-208.000000
-209.750000
-210.500000
-209.750000
-209.500000
-209.750000
-209.000000
-208.750000
-210.250000
-208.500000
-208.500000
-209.250000
-209.000000
-209.000000
-208.750000
-210.000000
-209.250000
-208.750000
-208.000000
-211.000000
-208.750000
-210.250000
-209.500000
-212.500000
-208.750000
-209.500000
-211.750000
-208.000000
-208.000000
-210.250000
-206.500000
-211.750000
-206.500000
-206.500000
-214.000000
-211.000000
-210.250000
-209.500000
-208.000000
-210.250000
-205.750000
-211.000000
-213.250000
-211.000000
-210.250000
-211.000000
-208.750000
-208.000000
-212.500000
-207.250000
-207.250000
-209.500000
-208.750000
-208.750000
-208.000000
-211.750000
-209.500000
-208.000000
-205.750000
-204.750000
-210.000000
-206.500000
-208.250000
-201.250000
-210.000000
-208.250000
-203.000000
-211.750000
-211.750000
-206.500000
-215.250000
-203.000000
-215.250000
-215.250000
-197.750000
-204.750000
-206.500000
-208.250000
-211.750000
-206.500000
-217.000000
-204.750000
-199.500000
-204.750000
-206.500000
-204.750000
-210.000000
-211.750000
-201.250000
-213.500000
-213.500000
-208.250000
-210.000000
-210.000000
-211.750000
-203.000000
-208.250000
-211.750000
-217.000000
-208.500000
-209.250000
-208.750000
-209.000000
-208.000000
-209.250000
-209.000000
-208.250000
-209.500000
-209.500000
-208.750000
-210.000000
-208.250000
-210.000000
-210.000000
-207.500000
-208.500000
-208.750000
-209.000000
-209.500000
-208.750000
-210.250000
-208.500000
-207.750000
-208.500000
-208.750000
-208.500000
-209.250000
-209.500000
-208.000000
-209.750000
-209.750000
-209.000000
-209.250000
-209.250000
-209.500000
-208.250000
-209.000000
-209.500000
-210.250000
-211.000000
-208.750000
-210.250000
-209.500000
-212.500000
-208.750000
-209.500000
-211.750000
-208.000000
-208.000000
-210.250000
-206.500000
-211.750000
-206.500000
-206.500000
-214.000000
-211.000000
-210.250000
-209.500000
-208.000000
-210.250000
-205.750000
-211.000000
-213.250000
-211.000000
-210.250000
-211.000000
-208.750000
-208.000000
-212.500000
-207.250000
-207.250000
-209.500000
-208.750000
-208.750000
-208.000000
-211.750000
-209.500000
-208.000000
-205.750000
-214.750000
-208.000000
-212.500000
-210.250000
-219.250000
-208.000000
-210.250000
-217.000000
-205.750000
-205.750000
-212.500000
-201.250000
-217.000000
-201.250000
-201.250000
-223.750000
-214.750000
-212.500000
-210.250000
-205.750000
-212.500000
-199.000000
-214.750000
-221.500000
-214.750000
-212.500000
-214.750000
-208.000000
-205.750000
-219.250000
-203.500000
-203.500000
-210.250000
-208.000000
-208.000000
-205.750000
-217.000000
-210.250000
-205.750000
-199.000000
