-251.000000
-253.500000
-261.000000
-276.000000
-256.000000
-266.000000
-258.500000
-266.000000
-263.500000
-261.000000
-268.500000
-263.500000
-263.500000
-266.000000
-258.500000
-276.000000
-261.000000
-261.000000
-253.500000
-256.000000
-253.500000
-258.500000
-248.500000
-251.000000
-266.000000
-271.000000
-261.000000
-251.000000
-243.500000
-253.500000
-266.000000
-253.500000
-263.500000
-261.000000
-261.000000
-258.500000
-253.500000
-248.500000
-271.000000
-273.500000
-268.500000
-268.500000
-258.500000
-253.500000
-261.000000
-253.500000
-255.500000
-261.500000
-273.500000
-257.500000
-265.500000
-259.500000
-265.500000
-263.500000
-261.500000
-267.500000
-263.500000
-263.500000
-265.500000
-259.500000
-273.500000
-261.500000
-261.500000
-255.500000
-257.500000
-255.500000
-259.500000
-251.500000
-253.500000
-265.500000
-269.500000
-261.500000
-253.500000
-247.500000
-255.500000
-265.500000
-255.500000
-263.500000
-261.500000
-261.500000
-259.500000
-255.500000
-251.500000
-269.500000
-271.500000
-267.500000
-267.500000
-259.500000
-255.500000
-261.500000
-261.000000
-261.500000
-263.000000
-266.000000
-262.000000
-264.000000
-262.500000
-264.000000
-263.500000
-263.000000
-264.500000
-263.500000
-263.500000
-264.000000
-262.500000
-266.000000
-263.000000
-263.000000
-261.500000
-262.000000
-261.500000
-262.500000
-260.500000
-261.000000
-264.000000
-265.000000
-263.000000
-261.000000
-259.500000
-261.500000
-264.000000
-261.500000
-263.500000
-263.000000
-263.000000
-262.500000
-261.500000
-260.500000
-265.000000
-265.500000
-264.500000
-264.500000
-262.500000
-261.500000
-263.000000
-276.000000
-273.500000
-266.000000
-251.000000
-271.000000
-261.000000
-268.500000
-261.000000
-263.500000
-266.000000
-258.500000
-263.500000
-263.500000
-261.000000
-268.500000
-251.000000
-266.000000
-266.000000
-273.500000
-271.000000
-273.500000
-268.500000
-278.500000
-276.000000
-261.000000
-256.000000
-266.000000
-276.000000
-283.500000
-273.500000
-261.000000
-273.500000
-263.500000
-266.000000
-266.000000
-268.500000
-273.500000
-278.500000
-256.000000
-253.500000
-258.500000
-258.500000
-268.500000
-273.500000
-266.000000
-256.000000
-257.500000
-262.000000
-271.000000
-259.000000
-265.000000
-260.500000
-265.000000
-263.500000
-262.000000
-266.500000
-263.500000
-263.500000
-265.000000
-260.500000
-271.000000
-262.000000
-262.000000
-257.500000
-259.000000
-257.500000
-260.500000
-254.500000
-256.000000
-265.000000
-268.000000
-262.000000
-256.000000
-251.500000
-257.500000
-265.000000
-257.500000
-263.500000
-262.000000
-262.000000
-260.500000
-257.500000
-254.500000
-268.000000
-269.500000
-266.500000
-266.500000
-260.500000
-257.500000
-262.000000
-266.000000
-265.500000
-264.000000
-261.000000
-265.000000
-263.000000
-264.500000
-263.000000
-263.500000
-264.000000
-262.500000
-263.500000
-263.500000
-263.000000
-264.500000
-261.000000
-264.000000
-264.000000
-265.500000
-265.000000
-265.500000
-264.500000
-266.500000
-266.000000
-263.000000
-262.000000
-264.000000
-266.000000
-267.500000
-265.500000
-263.000000
-265.500000
-263.500000
-264.000000
-264.000000
-264.500000
-265.500000
-266.500000
-262.000000
-261.500000
-262.500000
-262.500000
-264.500000
-265.500000
-264.000000
-258.500000
-259.500000
-262.500000
-268.500000
-260.500000
-264.500000
-261.500000
-264.500000
-263.500000
-262.500000
-265.500000
-263.500000
-263.500000
-264.500000
-261.500000
-268.500000
-262.500000
-262.500000
-259.500000
-260.500000
-259.500000
-261.500000
-257.500000
-258.500000
-264.500000
-266.500000
-262.500000
-258.500000
-255.500000
-259.500000
-264.500000
-259.500000
-263.500000
-262.500000
-262.500000
-261.500000
-259.500000
-257.500000
-266.500000
-267.500000
-265.500000
-265.500000
-261.500000
-259.500000
-262.500000
-266.000000
-265.500000
-264.000000
-261.000000
-265.000000
-263.000000
-264.500000
-263.000000
-263.500000
-264.000000
-262.500000
-263.500000
-263.500000
-263.000000
-264.500000
-261.000000
-264.000000
-264.000000
-265.500000
-265.000000
-265.500000
-264.500000
-266.500000
-266.000000
-263.000000
-262.000000
-264.000000
-266.000000
-267.500000
-265.500000
-263.000000
-265.500000
-263.500000
-264.000000
-264.000000
-264.500000
-265.500000
-266.500000
-262.000000
-261.500000
-262.500000
-262.500000
-264.500000
-265.500000
-264.000000
-263.500000
-263.500000
-263.500000
-263.500000
-263.500000
-263.500000
-263.500000
-263.500000
-263.500000
-263.500000
-263.500000
-263.500000
-263.500000
-263.500000
-263.500000
-263.500000
-263.500000
-263.500000
-263.500000
-263.500000
-263.500000
-263.500000
-263.500000
-263.500000
-263.500000
-263.500000
-263.500000
-263.500000
-263.500000
-263.500000
-263.500000
-263.500000
-263.500000
-263.500000
-263.500000
-263.500000
-263.500000
-263.500000
-263.500000
-263.500000
-263.500000
-263.500000
-263.500000
-263.500000
-263.500000
-261.000000
-261.500000
-263.000000
-266.000000
-262.000000
-264.000000
-262.500000
-264.000000
-263.500000
-263.000000
-264.500000
-263.500000
-263.500000
-264.000000
-262.500000
-266.000000
-263.000000
-263.000000
-261.500000
-262.000000
-261.500000
-262.500000
-260.500000
-261.000000
-264.000000
-265.000000
-263.000000
-261.000000
-259.500000
-261.500000
-264.000000
-261.500000
-263.500000
-263.000000
-263.000000
-262.500000
-261.500000
-260.500000
-265.000000
-265.500000
-264.500000
-264.500000
-262.500000
-261.500000
-263.000000
-268.500000
-267.500000
-264.500000
-258.500000
-266.500000
-262.500000
-265.500000
-262.500000
-263.500000
-264.500000
-261.500000
-263.500000
-263.500000
-262.500000
-265.500000
-258.500000
-264.500000
-264.500000
-267.500000
-266.500000
-267.500000
-265.500000
-269.500000
-268.500000
-262.500000
-260.500000
-264.500000
-268.500000
-271.500000
-267.500000
-262.500000
-267.500000
-263.500000
-264.500000
-264.500000
-265.500000
-267.500000
-269.500000
-260.500000
-259.500000
-261.500000
-261.500000
-265.500000
-267.500000
-264.500000
-263.500000
-263.500000
-263.500000
-263.500000
-263.500000
-263.500000
-263.500000
-263.500000
-263.500000
-263.500000
-263.500000
-263.500000
-263.500000
-263.500000
-263.500000
-263.500000
-263.500000
-263.500000
-263.500000
-263.500000
-263.500000
-263.500000
-263.500000
-263.500000
-263.500000
-263.500000
-263.500000
-263.500000
-263.500000
-263.500000
-263.500000
-263.500000
-263.500000
-263.500000
-263.500000
-263.500000
-263.500000
-263.500000
-263.500000
-263.500000
-263.500000
-263.500000
-263.500000
-263.500000
-263.500000
-263.500000
-263.500000
-263.500000
-263.500000
-263.500000
-263.500000
-263.500000
-263.500000
-263.500000
-263.500000
-263.500000
-263.500000
-263.500000
-263.500000
-263.500000
-263.500000
-263.500000
-263.500000
-263.500000
-263.500000
-263.500000
-263.500000
-263.500000
-263.500000
-263.500000
-263.500000
-263.500000
-263.500000
-263.500000
-263.500000
-263.500000
-263.500000
-263.500000
-263.500000
-263.500000
-263.500000
-263.500000
-263.500000
-263.500000
-263.500000
-263.500000
-263.500000
-263.500000
-263.500000
-263.500000
-266.000000
-265.500000
-264.000000
-261.000000
-265.000000
-263.000000
-264.500000
-263.000000
-263.500000
-264.000000
-262.500000
-263.500000
-263.500000
-263.000000
-264.500000
-261.000000
-264.000000
-264.000000
-265.500000
-265.000000
-265.500000
-264.500000
-266.500000
-266.000000
-263.000000
-262.000000
-264.000000
-266.000000
-267.500000
-265.500000
-263.000000
-265.500000
-263.500000
-264.000000
-264.000000
-264.500000
-265.500000
-266.500000
-262.000000
-261.500000
-262.500000
-262.500000
-264.500000
-265.500000
-264.000000
-258.500000
-259.500000
-262.500000
-268.500000
-260.500000
-264.500000
-261.500000
-264.500000
-263.500000
-262.500000
-265.500000
-263.500000
-263.500000
-264.500000
-261.500000
-268.500000
-262.500000
-262.500000
-259.500000
-260.500000
-259.500000
-261.500000
-257.500000
-258.500000
-264.500000
-266.500000
-262.500000
-258.500000
-255.500000
-259.500000
-264.500000
-259.500000
-263.500000
-262.500000
-262.500000
-261.500000
-259.500000
-257.500000
-266.500000
-267.500000
-265.500000
-265.500000
-261.500000
-259.500000
-262.500000
-276.000000
-273.500000
-266.000000
-251.000000
-271.000000
-261.000000
-268.500000
-261.000000
-263.500000
-266.000000
-258.500000
-263.500000
-263.500000
-261.000000
-268.500000
-251.000000
-266.000000
-266.000000
-273.500000
-271.000000
-273.500000
-268.500000
-278.500000
-276.000000
-261.000000
-256.000000
-266.000000
-276.000000
-283.500000
-273.500000
-261.000000
-273.500000
-263.500000
-266.000000
-266.000000
-268.500000
-273.500000
-278.500000
-256.000000
-253.500000
-258.500000
-258.500000
-268.500000
-273.500000
-266.000000
-261.000000
-261.500000
-263.000000
-266.000000
-262.000000
-264.000000
-262.500000
-264.000000
-263.500000
-263.000000
-264.500000
-263.500000
-263.500000
-264.000000
-262.500000
-266.000000
-263.000000
-263.000000
-261.500000
-262.000000
-261.500000
-262.500000
-260.500000
-261.000000
-264.000000
-265.000000
-263.000000
-261.000000
-259.500000
-261.500000
-264.000000
-261.500000
-263.500000
-263.000000
-263.000000
-262.500000
-261.500000
-260.500000
-265.000000
-265.500000
-264.500000
-264.500000
-262.500000
-261.500000
-263.000000
-261.000000
-261.500000
-263.000000
-266.000000
-262.000000
-264.000000
-262.500000
-264.000000
-263.500000
-263.000000
-264.500000
-263.500000
-263.500000
-264.000000
-262.500000
-266.000000
-263.000000
-263.000000
-261.500000
-262.000000
-261.500000
-262.500000
-260.500000
-261.000000
-264.000000
-265.000000
-263.000000
-261.000000
-259.500000
-261.500000
-264.000000
-261.500000
-263.500000
-263.000000
-263.000000
-262.500000
-261.500000
-260.500000
-265.000000
-265.500000
-264.500000
-264.500000
-262.500000
-261.500000
-263.000000
-253.500000
-255.500000
-261.500000
-273.500000
-257.500000
-265.500000
-259.500000
-265.500000
-263.500000
-261.500000
-267.500000
-263.500000
-263.500000
-265.500000
-259.500000
-273.500000
-261.500000
-261.500000
-255.500000
-257.500000
-255.500000
-259.500000
-251.500000
-253.500000
-265.500000
-269.500000
-261.500000
-253.500000
-247.500000
-255.500000
-265.500000
-255.500000
-263.500000
-261.500000
-261.500000
-259.500000
-255.500000
-251.500000
-269.500000
-271.500000
-267.500000
-267.500000
-259.500000
-255.500000
-261.500000
-256.000000
-257.500000
-262.000000
-271.000000
-259.000000
-265.000000
-260.500000
-265.000000
-263.500000
-262.000000
-266.500000
-263.500000
-263.500000
-265.000000
-260.500000
-271.000000
-262.000000
-262.000000
-257.500000
-259.000000
-257.500000
-260.500000
-254.500000
-256.000000
-265.000000
-268.000000
-262.000000
-256.000000
-251.500000
-257.500000
-265.000000
-257.500000
-263.500000
-262.000000
-262.000000
-260.500000
-257.500000
-254.500000
-268.000000
-269.500000
-266.500000
-266.500000
-260.500000
-257.500000
-262.000000
-253.500000
-255.500000
-261.500000
-273.500000
-257.500000
-265.500000
-259.500000
-265.500000
-263.500000
-261.500000
-267.500000
-263.500000
-263.500000
-265.500000
-259.500000
-273.500000
-261.500000
-261.500000
-255.500000
-257.500000
-255.500000
-259.500000
-251.500000
-253.500000
-265.500000
-269.500000
-261.500000
-253.500000
-247.500000
-255.500000
-265.500000
-255.500000
-263.500000
-261.500000
-261.500000
-259.500000
-255.500000
-251.500000
-269.500000
-271.500000
-267.500000
-267.500000
-259.500000
-255.500000
-261.500000
-258.500000
-259.500000
-262.500000
-268.500000
-260.500000
-264.500000
-261.500000
-264.500000
-263.500000
-262.500000
-265.500000
-263.500000
-263.500000
-264.500000
-261.500000
-268.500000
-262.500000
-262.500000
-259.500000
-260.500000
-259.500000
-261.500000
-257.500000
-258.500000
-264.500000
-266.500000
-262.500000
-258.500000
-255.500000
-259.500000
-264.500000
-259.500000
-263.500000
-262.500000
-262.500000
-261.500000
-259.500000
-257.500000
-266.500000
-267.500000
-265.500000
-265.500000
-261.500000
-259.500000
-262.500000
-248.500000
-251.500000
-260.500000
-278.500000
-254.500000
-266.500000
-257.500000
-266.500000
-263.500000
-260.500000
-269.500000
-263.500000
-263.500000
-266.500000
-257.500000
-278.500000
-260.500000
-260.500000
-251.500000
-254.500000
-251.500000
-257.500000
-245.500000
-248.500000
-266.500000
-272.500000
-260.500000
-248.500000
-239.500000
-251.500000
-266.500000
-251.500000
-263.500000
-260.500000
-260.500000
-257.500000
-251.500000
-245.500000
-272.500000
-275.500000
-269.500000
-269.500000
-257.500000
-251.500000
-260.500000
-251.000000
-253.500000
-261.000000
-276.000000
-256.000000
-266.000000
-258.500000
-266.000000
-263.500000
-261.000000
-268.500000
-263.500000
-263.500000
-266.000000
-258.500000
-276.000000
-261.000000
-261.000000
-253.500000
-256.000000
-253.500000
-258.500000
-248.500000
-251.000000
-266.000000
-271.000000
-261.000000
-251.000000
-243.500000
-253.500000
-266.000000
-253.500000
-263.500000
-261.000000
-261.000000
-258.500000
-253.500000
-248.500000
-271.000000
-273.500000
-268.500000
-268.500000
-258.500000
-253.500000
-261.000000
-266.000000
-265.500000
-264.000000
-261.000000
-265.000000
-263.000000
-264.500000
-263.000000
-263.500000
-264.000000
-262.500000
-263.500000
-263.500000
-263.000000
-264.500000
-261.000000
-264.000000
-264.000000
-265.500000
-265.000000
-265.500000
-264.500000
-266.500000
-266.000000
-263.000000
-262.000000
-264.000000
-266.000000
-267.500000
-265.500000
-263.000000
-265.500000
-263.500000
-264.000000
-264.000000
-264.500000
-265.500000
-266.500000
-262.000000
-261.500000
-262.500000
-262.500000
-264.500000
-265.500000
-264.000000
-271.000000
-269.500000
-265.000000
-256.000000
-268.000000
-262.000000
-266.500000
-262.000000
-263.500000
-265.000000
-260.500000
-263.500000
-263.500000
-262.000000
-266.500000
-256.000000
-265.000000
-265.000000
-269.500000
-268.000000
-269.500000
-266.500000
-272.500000
-271.000000
-262.000000
-259.000000
-265.000000
-271.000000
-275.500000
-269.500000
-262.000000
-269.500000
-263.500000
-265.000000
-265.000000
-266.500000
-269.500000
-272.500000
-259.000000
-257.500000
-260.500000
-260.500000
-266.500000
-269.500000
-265.000000
-261.000000
-261.500000
-263.000000
-266.000000
-262.000000
-264.000000
-262.500000
-264.000000
-263.500000
-263.000000
-264.500000
-263.500000
-263.500000
-264.000000
-262.500000
-266.000000
-263.000000
-263.000000
-261.500000
-262.000000
-261.500000
-262.500000
-260.500000
-261.000000
-264.000000
-265.000000
-263.000000
-261.000000
-259.500000
-261.500000
-264.000000
-261.500000
-263.500000
-263.000000
-263.000000
-262.500000
-261.500000
-260.500000
-265.000000
-265.500000
-264.500000
-264.500000
-262.500000
-261.500000
-263.000000
-251.000000
-253.500000
-261.000000
-276.000000
-256.000000
-266.000000
-258.500000
-266.000000
-263.500000
-261.000000
-268.500000
-263.500000
-263.500000
-266.000000
-258.500000
-276.000000
-261.000000
-261.000000
-253.500000
-256.000000
-253.500000
-258.500000
-248.500000
-251.000000
-266.000000
-271.000000
-261.000000
-251.000000
-243.500000
-253.500000
-266.000000
-253.500000
-263.500000
-261.000000
-261.000000
-258.500000
-253.500000
-248.500000
-271.000000
-273.500000
-268.500000
-268.500000
-258.500000
-253.500000
-261.000000
-243.500000
-247.500000
-259.500000
-283.500000
-251.500000
-267.500000
-255.500000
-267.500000
-263.500000
-259.500000
-271.500000
-263.500000
-263.500000
-267.500000
-255.500000
-283.500000
-259.500000
-259.500000
-247.500000
-251.500000
-247.500000
-255.500000
-239.500000
-243.500000
-267.500000
-275.500000
-259.500000
-243.500000
-231.500000
-247.500000
-267.500000
-247.500000
-263.500000
-259.500000
-259.500000
-255.500000
-247.500000
-239.500000
-275.500000
-279.500000
-271.500000
-271.500000
-255.500000
-247.500000
-259.500000
-253.500000
-255.500000
-261.500000
-273.500000
-257.500000
-265.500000
-259.500000
-265.500000
-263.500000
-261.500000
-267.500000
-263.500000
-263.500000
-265.500000
-259.500000
-273.500000
-261.500000
-261.500000
-255.500000
-257.500000
-255.500000
-259.500000
-251.500000
-253.500000
-265.500000
-269.500000
-261.500000
-253.500000
-247.500000
-255.500000
-265.500000
-255.500000
-263.500000
-261.500000
-261.500000
-259.500000
-255.500000
-251.500000
-269.500000
-271.500000
-267.500000
-267.500000
-259.500000
-255.500000
-261.500000
-266.000000
-265.500000
-264.000000
-261.000000
-265.000000
-263.000000
-264.500000
-263.000000
-263.500000
-264.000000
-262.500000
-263.500000
-263.500000
-263.000000
-264.500000
-261.000000
-264.000000
-264.000000
-265.500000
-265.000000
-265.500000
-264.500000
-266.500000
-266.000000
-263.000000
-262.000000
-264.000000
-266.000000
-267.500000
-265.500000
-263.000000
-265.500000
-263.500000
-264.000000
-264.000000
-264.500000
-265.500000
-266.500000
-262.000000
-261.500000
-262.500000
-262.500000
-264.500000
-265.500000
-264.000000
-253.500000
-255.500000
-261.500000
-273.500000
-257.500000
-265.500000
-259.500000
-265.500000
-263.500000
-261.500000
-267.500000
-263.500000
-263.500000
-265.500000
-259.500000
-273.500000
-261.500000
-261.500000
-255.500000
-257.500000
-255.500000
-259.500000
-251.500000
-253.500000
-265.500000
-269.500000
-261.500000
-253.500000
-247.500000
-255.500000
-265.500000
-255.500000
-263.500000
-261.500000
-261.500000
-259.500000
-255.500000
-251.500000
-269.500000
-271.500000
-267.500000
-267.500000
-259.500000
-255.500000
-261.500000
-263.500000
-263.500000
-263.500000
-263.500000
-263.500000
-263.500000
-263.500000
-263.500000
-263.500000
-263.500000
-263.500000
-263.500000
-263.500000
-263.500000
-263.500000
-263.500000
-263.500000
-263.500000
-263.500000
-263.500000
-263.500000
-263.500000
-263.500000
-263.500000
-263.500000
-263.500000
-263.500000
-263.500000
-263.500000
-263.500000
-263.500000
-263.500000
-263.500000
-263.500000
-263.500000
-263.500000
-263.500000
-263.500000
-263.500000
-263.500000
-263.500000
-263.500000
-263.500000
-263.500000
-263.500000
-261.000000
-261.500000
-263.000000
-266.000000
-262.000000
-264.000000
-262.500000
-264.000000
-263.500000
-263.000000
-264.500000
-263.500000
-263.500000
-264.000000
-262.500000
-266.000000
-263.000000
-263.000000
-261.500000
-262.000000
-261.500000
-262.500000
-260.500000
-261.000000
-264.000000
-265.000000
-263.000000
-261.000000
-259.500000
-261.500000
-264.000000
-261.500000
-263.500000
-263.000000
-263.000000
-262.500000
-261.500000
-260.500000
-265.000000
-265.500000
-264.500000
-264.500000
-262.500000
-261.500000
-263.000000
-261.000000
-261.500000
-263.000000
-266.000000
-262.000000
-264.000000
-262.500000
-264.000000
-263.500000
-263.000000
-264.500000
-263.500000
-263.500000
-264.000000
-262.500000
-266.000000
-263.000000
-263.000000
-261.500000
-262.000000
-261.500000
-262.500000
-260.500000
-261.000000
-264.000000
-265.000000
-263.000000
-261.000000
-259.500000
-261.500000
-264.000000
-261.500000
-263.500000
-263.000000
-263.000000
-262.500000
-261.500000
-260.500000
-265.000000
-265.500000
-264.500000
-264.500000
-262.500000
-261.500000
-263.000000
-258.500000
-259.500000
-262.500000
-268.500000
-260.500000
-264.500000
-261.500000
-264.500000
-263.500000
-262.500000
-265.500000
-263.500000
-263.500000
-264.500000
-261.500000
-268.500000
-262.500000
-262.500000
-259.500000
-260.500000
-259.500000
-261.500000
-257.500000
-258.500000
-264.500000
-266.500000
-262.500000
-258.500000
-255.500000
-259.500000
-264.500000
-259.500000
-263.500000
-262.500000
-262.500000
-261.500000
-259.500000
-257.500000
-266.500000
-267.500000
-265.500000
-265.500000
-261.500000
-259.500000
-262.500000
-253.500000
-255.500000
-261.500000
-273.500000
-257.500000
-265.500000
-259.500000
-265.500000
-263.500000
-261.500000
-267.500000
-263.500000
-263.500000
-265.500000
-259.500000
-273.500000
-261.500000
-261.500000
-255.500000
-257.500000
-255.500000
-259.500000
-251.500000
-253.500000
-265.500000
-269.500000
-261.500000
-253.500000
-247.500000
-255.500000
-265.500000
-255.500000
-263.500000
-261.500000
-261.500000
-259.500000
-255.500000
-251.500000
-269.500000
-271.500000
-267.500000
-267.500000
-259.500000
-255.500000
-261.500000
-248.500000
-251.500000
-260.500000
-278.500000
-254.500000
-266.500000
-257.500000
-266.500000
-263.500000
-260.500000
-269.500000
-263.500000
-263.500000
-266.500000
-257.500000
-278.500000
-260.500000
-260.500000
-251.500000
-254.500000
-251.500000
-257.500000
-245.500000
-248.500000
-266.500000
-272.500000
-260.500000
-248.500000
-239.500000
-251.500000
-266.500000
-251.500000
-263.500000
-260.500000
-260.500000
-257.500000
-251.500000
-245.500000
-272.500000
-275.500000
-269.500000
-269.500000
-257.500000
-251.500000
-260.500000
-271.000000
-269.500000
-265.000000
-256.000000
-268.000000
-262.000000
-266.500000
-262.000000
-263.500000
-265.000000
-260.500000
-263.500000
-263.500000
-262.000000
-266.500000
-256.000000
-265.000000
-265.000000
-269.500000
-268.000000
-269.500000
-266.500000
-272.500000
-271.000000
-262.000000
-259.000000
-265.000000
-271.000000
-275.500000
-269.500000
-262.000000
-269.500000
-263.500000
-265.000000
-265.000000
-266.500000
-269.500000
-272.500000
-259.000000
-257.500000
-260.500000
-260.500000
-266.500000
-269.500000
-265.000000
-273.500000
-271.500000
-265.500000
-253.500000
-269.500000
-261.500000
-267.500000
-261.500000
-263.500000
-265.500000
-259.500000
-263.500000
-263.500000
-261.500000
-267.500000
-253.500000
-265.500000
-265.500000
-271.500000
-269.500000
-271.500000
-267.500000
-275.500000
-273.500000
-261.500000
-257.500000
-265.500000
-273.500000
-279.500000
-271.500000
-261.500000
-271.500000
-263.500000
-265.500000
-265.500000
-267.500000
-271.500000
-275.500000
-257.500000
-255.500000
-259.500000
-259.500000
-267.500000
-271.500000
-265.500000
-268.500000
-267.500000
-264.500000
-258.500000
-266.500000
-262.500000
-265.500000
-262.500000
-263.500000
-264.500000
-261.500000
-263.500000
-263.500000
-262.500000
-265.500000
-258.500000
-264.500000
-264.500000
-267.500000
-266.500000
-267.500000
-265.500000
-269.500000
-268.500000
-262.500000
-260.500000
-264.500000
-268.500000
-271.500000
-267.500000
-262.500000
-267.500000
-263.500000
-264.500000
-264.500000
-265.500000
-267.500000
-269.500000
-260.500000
-259.500000
-261.500000
-261.500000
-265.500000
-267.500000
-264.500000
-268.500000
-267.500000
-264.500000
-258.500000
-266.500000
-262.500000
-265.500000
-262.500000
-263.500000
-264.500000
-261.500000
-263.500000
-263.500000
-262.500000
-265.500000
-258.500000
-264.500000
-264.500000
-267.500000
-266.500000
-267.500000
-265.500000
-269.500000
-268.500000
-262.500000
-260.500000
-264.500000
-268.500000
-271.500000
-267.500000
-262.500000
-267.500000
-263.500000
-264.500000
-264.500000
-265.500000
-267.500000
-269.500000
-260.500000
-259.500000
-261.500000
-261.500000
-265.500000
-267.500000
-264.500000
-258.500000
-259.500000
-262.500000
-268.500000
-260.500000
-264.500000
-261.500000
-264.500000
-263.500000
-262.500000
-265.500000
-263.500000
-263.500000
-264.500000
-261.500000
-268.500000
-262.500000
-262.500000
-259.500000
-260.500000
-259.500000
-261.500000
-257.500000
-258.500000
-264.500000
-266.500000
-262.500000
-258.500000
-255.500000
-259.500000
-264.500000
-259.500000
-263.500000
-262.500000
-262.500000
-261.500000
-259.500000
-257.500000
-266.500000
-267.500000
-265.500000
-265.500000
-261.500000
-259.500000
-262.500000
-253.500000
-255.500000
-261.500000
-273.500000
-257.500000
-265.500000
-259.500000
-265.500000
-263.500000
-261.500000
-267.500000
-263.500000
-263.500000
-265.500000
-259.500000
-273.500000
-261.500000
-261.500000
-255.500000
-257.500000
-255.500000
-259.500000
-251.500000
-253.500000
-265.500000
-269.500000
-261.500000
-253.500000
-247.500000
-255.500000
-265.500000
-255.500000
-263.500000
-261.500000
-261.500000
-259.500000
-255.500000
-251.500000
-269.500000
-271.500000
-267.500000
-267.500000
-259.500000
-255.500000
-261.500000
-261.000000
-261.500000
-263.000000
-266.000000
-262.000000
-264.000000
-262.500000
-264.000000
-263.500000
-263.000000
-264.500000
-263.500000
-263.500000
-264.000000
-262.500000
-266.000000
-263.000000
-263.000000
-261.500000
-262.000000
-261.500000
-262.500000
-260.500000
-261.000000
-264.000000
-265.000000
-263.000000
-261.000000
-259.500000
-261.500000
-264.000000
-261.500000
-263.500000
-263.000000
-263.000000
-262.500000
-261.500000
-260.500000
-265.000000
-265.500000
-264.500000
-264.500000
-262.500000
-261.500000
-263.000000
