-324.000000
-325.500000
-324.500000
-322.500000
-326.000000
-322.250000
-324.500000
-323.000000
-323.500000
-322.250000
-324.500000
-322.250000
-324.000000
-325.750000
-323.750000
-324.000000
-323.250000
-322.500000
-322.750000
-324.000000
-324.500000
-324.250000
-324.250000
-323.000000
-322.750000
-324.000000
-324.000000
-324.500000
-323.750000
-324.250000
-324.250000
-325.000000
-324.000000
-324.250000
-323.000000
-324.500000
-325.250000
-322.750000
-325.750000
-324.750000
-323.250000
-324.750000
-325.000000
-324.500000
-324.000000
-324.750000
-322.750000
-324.000000
-324.000000
-323.500000
-325.500000
-309.000000
-320.000000
-342.000000
-303.500000
-344.750000
-320.000000
-336.500000
-331.000000
-344.750000
-320.000000
-344.750000
-325.500000
-306.250000
-328.250000
-325.500000
-333.750000
-342.000000
-339.250000
-325.500000
-320.000000
-322.750000
-322.750000
-336.500000
-339.250000
-325.500000
-325.500000
-320.000000
-328.250000
-322.750000
-322.750000
-314.500000
-325.500000
-322.750000
-336.500000
-320.000000
-311.750000
-339.250000
-306.250000
-317.250000
-333.750000
-317.250000
-314.500000
-320.000000
-325.500000
-317.250000
-339.250000
-325.500000
-325.500000
-331.000000
-324.500000
-320.000000
-323.000000
-329.000000
-318.500000
-329.750000
-323.000000
-327.500000
-326.000000
-329.750000
-323.000000
-329.750000
-324.500000
-319.250000
-325.250000
-324.500000
-326.750000
-329.000000
-328.250000
-324.500000
-323.000000
-323.750000
-323.750000
-327.500000
-328.250000
-324.500000
-324.500000
-323.000000
-325.250000
-323.750000
-323.750000
-321.500000
-324.500000
-323.750000
-327.500000
-323.000000
-320.750000
-328.250000
-319.250000
-322.250000
-326.750000
-322.250000
-321.500000
-323.000000
-324.500000
-322.250000
-328.250000
-324.500000
-324.500000
-326.000000
-322.500000
-342.000000
-329.000000
-303.000000
-348.500000
-299.750000
-329.000000
-309.500000
-316.000000
-299.750000
-329.000000
-299.750000
-322.500000
-345.250000
-319.250000
-322.500000
-312.750000
-303.000000
-306.250000
-322.500000
-329.000000
-325.750000
-325.750000
-309.500000
-306.250000
-322.500000
-322.500000
-329.000000
-319.250000
-325.750000
-325.750000
-335.500000
-322.500000
-325.750000
-309.500000
-329.000000
-338.750000
-306.250000
-345.250000
-332.250000
-312.750000
-332.250000
-335.500000
-329.000000
-322.500000
-332.250000
-306.250000
-322.500000
-322.500000
-316.000000
-326.000000
-303.500000
-318.500000
-348.500000
-296.000000
-352.250000
-318.500000
-341.000000
-333.500000
-352.250000
-318.500000
-352.250000
-326.000000
-299.750000
-329.750000
-326.000000
-337.250000
-348.500000
-344.750000
-326.000000
-318.500000
-322.250000
-322.250000
-341.000000
-344.750000
-326.000000
-326.000000
-318.500000
-329.750000
-322.250000
-322.250000
-311.000000
-326.000000
-322.250000
-341.000000
-318.500000
-307.250000
-344.750000
-299.750000
-314.750000
-337.250000
-314.750000
-311.000000
-318.500000
-326.000000
-314.750000
-344.750000
-326.000000
-326.000000
-333.500000
-322.250000
-344.750000
-329.750000
-299.750000
-352.250000
-296.000000
-329.750000
-307.250000
-314.750000
-296.000000
-329.750000
-296.000000
-322.250000
-348.500000
-318.500000
-322.250000
-311.000000
-299.750000
-303.500000
-322.250000
-329.750000
-326.000000
-326.000000
-307.250000
-303.500000
-322.250000
-322.250000
-329.750000
-318.500000
-326.000000
-326.000000
-337.250000
-322.250000
-326.000000
-307.250000
-329.750000
-341.000000
-303.500000
-348.500000
-333.500000
-311.000000
-333.500000
-337.250000
-329.750000
-322.250000
-333.500000
-303.500000
-322.250000
-322.250000
-314.750000
-324.500000
-320.000000
-323.000000
-329.000000
-318.500000
-329.750000
-323.000000
-327.500000
-326.000000
-329.750000
-323.000000
-329.750000
-324.500000
-319.250000
-325.250000
-324.500000
-326.750000
-329.000000
-328.250000
-324.500000
-323.000000
-323.750000
-323.750000
-327.500000
-328.250000
-324.500000
-324.500000
-323.000000
-325.250000
-323.750000
-323.750000
-321.500000
-324.500000
-323.750000
-327.500000
-323.000000
-320.750000
-328.250000
-319.250000
-322.250000
-326.750000
-322.250000
-321.500000
-323.000000
-324.500000
-322.250000
-328.250000
-324.500000
-324.500000
-326.000000
-323.000000
-336.500000
-327.500000
-309.500000
-341.000000
-307.250000
-327.500000
-314.000000
-318.500000
-307.250000
-327.500000
-307.250000
-323.000000
-338.750000
-320.750000
-323.000000
-316.250000
-309.500000
-311.750000
-323.000000
-327.500000
-325.250000
-325.250000
-314.000000
-311.750000
-323.000000
-323.000000
-327.500000
-320.750000
-325.250000
-325.250000
-332.000000
-323.000000
-325.250000
-314.000000
-327.500000
-334.250000
-311.750000
-338.750000
-329.750000
-316.250000
-329.750000
-332.000000
-327.500000
-323.000000
-329.750000
-311.750000
-323.000000
-323.000000
-318.500000
-323.500000
-331.000000
-326.000000
-316.000000
-333.500000
-314.750000
-326.000000
-318.500000
-321.000000
-314.750000
-326.000000
-314.750000
-323.500000
-332.250000
-322.250000
-323.500000
-319.750000
-316.000000
-317.250000
-323.500000
-326.000000
-324.750000
-324.750000
-318.500000
-317.250000
-323.500000
-323.500000
-326.000000
-322.250000
-324.750000
-324.750000
-328.500000
-323.500000
-324.750000
-318.500000
-326.000000
-329.750000
-317.250000
-332.250000
-327.250000
-319.750000
-327.250000
-328.500000
-326.000000
-323.500000
-327.250000
-317.250000
-323.500000
-323.500000
-321.000000
-322.250000
-344.750000
-329.750000
-299.750000
-352.250000
-296.000000
-329.750000
-307.250000
-314.750000
-296.000000
-329.750000
-296.000000
-322.250000
-348.500000
-318.500000
-322.250000
-311.000000
-299.750000
-303.500000
-322.250000
-329.750000
-326.000000
-326.000000
-307.250000
-303.500000
-322.250000
-322.250000
-329.750000
-318.500000
-326.000000
-326.000000
-337.250000
-322.250000
-326.000000
-307.250000
-329.750000
-341.000000
-303.500000
-348.500000
-333.500000
-311.000000
-333.500000
-337.250000
-329.750000
-322.250000
-333.500000
-303.500000
-322.250000
-322.250000
-314.750000
-324.500000
-320.000000
-323.000000
-329.000000
-318.500000
-329.750000
-323.000000
-327.500000
-326.000000
-329.750000
-323.000000
-329.750000
-324.500000
-319.250000
-325.250000
-324.500000
-326.750000
-329.000000
-328.250000
-324.500000
-323.000000
-323.750000
-323.750000
-327.500000
-328.250000
-324.500000
-324.500000
-323.000000
-325.250000
-323.750000
-323.750000
-321.500000
-324.500000
-323.750000
-327.500000
-323.000000
-320.750000
-328.250000
-319.250000
-322.250000
-326.750000
-322.250000
-321.500000
-323.000000
-324.500000
-322.250000
-328.250000
-324.500000
-324.500000
-326.000000
-322.250000
-344.750000
-329.750000
-299.750000
-352.250000
-296.000000
-329.750000
-307.250000
-314.750000
-296.000000
-329.750000
-296.000000
-322.250000
-348.500000
-318.500000
-322.250000
-311.000000
-299.750000
-303.500000
-322.250000
-329.750000
-326.000000
-326.000000
-307.250000
-303.500000
-322.250000
-322.250000
-329.750000
-318.500000
-326.000000
-326.000000
-337.250000
-322.250000
-326.000000
-307.250000
-329.750000
-341.000000
-303.500000
-348.500000
-333.500000
-311.000000
-333.500000
-337.250000
-329.750000
-322.250000
-333.500000
-303.500000
-322.250000
-322.250000
-314.750000
-324.000000
-325.500000
-324.500000
-322.500000
-326.000000
-322.250000
-324.500000
-323.000000
-323.500000
-322.250000
-324.500000
-322.250000
-324.000000
-325.750000
-323.750000
-324.000000
-323.250000
-322.500000
-322.750000
-324.000000
-324.500000
-324.250000
-324.250000
-323.000000
-322.750000
-324.000000
-324.000000
-324.500000
-323.750000
-324.250000
-324.250000
-325.000000
-324.000000
-324.250000
-323.000000
-324.500000
-325.250000
-322.750000
-325.750000
-324.750000
-323.250000
-324.750000
-325.000000
-324.500000
-324.000000
-324.750000
-322.750000
-324.000000
-324.000000
-323.500000
-325.750000
-306.250000
-319.250000
-345.250000
-299.750000
-348.500000
-319.250000
-338.750000
-332.250000
-348.500000
-319.250000
-348.500000
-325.750000
-303.000000
-329.000000
-325.750000
-335.500000
-345.250000
-342.000000
-325.750000
-319.250000
-322.500000
-322.500000
-338.750000
-342.000000
-325.750000
-325.750000
-319.250000
-329.000000
-322.500000
-322.500000
-312.750000
-325.750000
-322.500000
-338.750000
-319.250000
-309.500000
-342.000000
-303.000000
-316.000000
-335.500000
-316.000000
-312.750000
-319.250000
-325.750000
-316.000000
-342.000000
-325.750000
-325.750000
-332.250000
-323.750000
-328.250000
-325.250000
-319.250000
-329.750000
-318.500000
-325.250000
-320.750000
-322.250000
-318.500000
-325.250000
-318.500000
-323.750000
-329.000000
-323.000000
-323.750000
-321.500000
-319.250000
-320.000000
-323.750000
-325.250000
-324.500000
-324.500000
-320.750000
-320.000000
-323.750000
-323.750000
-325.250000
-323.000000
-324.500000
-324.500000
-326.750000
-323.750000
-324.500000
-320.750000
-325.250000
-327.500000
-320.000000
-329.000000
-326.000000
-321.500000
-326.000000
-326.750000
-325.250000
-323.750000
-326.000000
-320.000000
-323.750000
-323.750000
-322.250000
-324.000000
-325.500000
-324.500000
-322.500000
-326.000000
-322.250000
-324.500000
-323.000000
-323.500000
-322.250000
-324.500000
-322.250000
-324.000000
-325.750000
-323.750000
-324.000000
-323.250000
-322.500000
-322.750000
-324.000000
-324.500000
-324.250000
-324.250000
-323.000000
-322.750000
-324.000000
-324.000000
-324.500000
-323.750000
-324.250000
-324.250000
-325.000000
-324.000000
-324.250000
-323.000000
-324.500000
-325.250000
-322.750000
-325.750000
-324.750000
-323.250000
-324.750000
-325.000000
-324.500000
-324.000000
-324.750000
-322.750000
-324.000000
-324.000000
-323.500000
-323.250000
-333.750000
-326.750000
-312.750000
-337.250000
-311.000000
-326.750000
-316.250000
-319.750000
-311.000000
-326.750000
-311.000000
-323.250000
-335.500000
-321.500000
-323.250000
-318.000000
-312.750000
-314.500000
-323.250000
-326.750000
-325.000000
-325.000000
-316.250000
-314.500000
-323.250000
-323.250000
-326.750000
-321.500000
-325.000000
-325.000000
-330.250000
-323.250000
-325.000000
-316.250000
-326.750000
-332.000000
-314.500000
-335.500000
-328.500000
-318.000000
-328.500000
-330.250000
-326.750000
-323.250000
-328.500000
-314.500000
-323.250000
-323.250000
-319.750000
-322.500000
-342.000000
-329.000000
-303.000000
-348.500000
-299.750000
-329.000000
-309.500000
-316.000000
-299.750000
-329.000000
-299.750000
-322.500000
-345.250000
-319.250000
-322.500000
-312.750000
-303.000000
-306.250000
-322.500000
-329.000000
-325.750000
-325.750000
-309.500000
-306.250000
-322.500000
-322.500000
-329.000000
-319.250000
-325.750000
-325.750000
-335.500000
-322.500000
-325.750000
-309.500000
-329.000000
-338.750000
-306.250000
-345.250000
-332.250000
-312.750000
-332.250000
-335.500000
-329.000000
-322.500000
-332.250000
-306.250000
-322.500000
-322.500000
-316.000000
-322.750000
-339.250000
-328.250000
-306.250000
-344.750000
-303.500000
-328.250000
-311.750000
-317.250000
-303.500000
-328.250000
-303.500000
-322.750000
-342.000000
-320.000000
-322.750000
-314.500000
-306.250000
-309.000000
-322.750000
-328.250000
-325.500000
-325.500000
-311.750000
-309.000000
-322.750000
-322.750000
-328.250000
-320.000000
-325.500000
-325.500000
-333.750000
-322.750000
-325.500000
-311.750000
-328.250000
-336.500000
-309.000000
-342.000000
-331.000000
-314.500000
-331.000000
-333.750000
-328.250000
-322.750000
-331.000000
-309.000000
-322.750000
-322.750000
-317.250000
-324.000000
-325.500000
-324.500000
-322.500000
-326.000000
-322.250000
-324.500000
-323.000000
-323.500000
-322.250000
-324.500000
-322.250000
-324.000000
-325.750000
-323.750000
-324.000000
-323.250000
-322.500000
-322.750000
-324.000000
-324.500000
-324.250000
-324.250000
-323.000000
-322.750000
-324.000000
-324.000000
-324.500000
-323.750000
-324.250000
-324.250000
-325.000000
-324.000000
-324.250000
-323.000000
-324.500000
-325.250000
-322.750000
-325.750000
-324.750000
-323.250000
-324.750000
-325.000000
-324.500000
-324.000000
-324.750000
-322.750000
-324.000000
-324.000000
-323.500000
-324.500000
-320.000000
-323.000000
-329.000000
-318.500000
-329.750000
-323.000000
-327.500000
-326.000000
-329.750000
-323.000000
-329.750000
-324.500000
-319.250000
-325.250000
-324.500000
-326.750000
-329.000000
-328.250000
-324.500000
-323.000000
-323.750000
-323.750000
-327.500000
-328.250000
-324.500000
-324.500000
-323.000000
-325.250000
-323.750000
-323.750000
-321.500000
-324.500000
-323.750000
-327.500000
-323.000000
-320.750000
-328.250000
-319.250000
-322.250000
-326.750000
-322.250000
-321.500000
-323.000000
-324.500000
-322.250000
-328.250000
-324.500000
-324.500000
-326.000000
-324.250000
-322.750000
-323.750000
-325.750000
-322.250000
-326.000000
-323.750000
-325.250000
-324.750000
-326.000000
-323.750000
-326.000000
-324.250000
-322.500000
-324.500000
-324.250000
-325.000000
-325.750000
-325.500000
-324.250000
-323.750000
-324.000000
-324.000000
-325.250000
-325.500000
-324.250000
-324.250000
-323.750000
-324.500000
-324.000000
-324.000000
-323.250000
-324.250000
-324.000000
-325.250000
-323.750000
-323.000000
-325.500000
-322.500000
-323.500000
-325.000000
-323.500000
-323.250000
-323.750000
-324.250000
-323.500000
-325.500000
-324.250000
-324.250000
-324.750000
-324.250000
-322.750000
-323.750000
-325.750000
-322.250000
-326.000000
-323.750000
-325.250000
-324.750000
-326.000000
-323.750000
-326.000000
-324.250000
-322.500000
-324.500000
-324.250000
-325.000000
-325.750000
-325.500000
-324.250000
-323.750000
-324.000000
-324.000000
-325.250000
-325.500000
-324.250000
-324.250000
-323.750000
-324.500000
-324.000000
-324.000000
-323.250000
-324.250000
-324.000000
-325.250000
-323.750000
-323.000000
-325.500000
-322.500000
-323.500000
-325.000000
-323.500000
-323.250000
-323.750000
-324.250000
-323.500000
-325.500000
-324.250000
-324.250000
-324.750000
-323.000000
-336.500000
-327.500000
-309.500000
-341.000000
-307.250000
-327.500000
-314.000000
-318.500000
-307.250000
-327.500000
-307.250000
-323.000000
-338.750000
-320.750000
-323.000000
-316.250000
-309.500000
-311.750000
-323.000000
-327.500000
-325.250000
-325.250000
-314.000000
-311.750000
-323.000000
-323.000000
-327.500000
-320.750000
-325.250000
-325.250000
-332.000000
-323.000000
-325.250000
-314.000000
-327.500000
-334.250000
-311.750000
-338.750000
-329.750000
-316.250000
-329.750000
-332.000000
-327.500000
-323.000000
-329.750000
-311.750000
-323.000000
-323.000000
-318.500000
-322.750000
-339.250000
-328.250000
-306.250000
-344.750000
-303.500000
-328.250000
-311.750000
-317.250000
-303.500000
-328.250000
-303.500000
-322.750000
-342.000000
-320.000000
-322.750000
-314.500000
-306.250000
-309.000000
-322.750000
-328.250000
-325.500000
-325.500000
-311.750000
-309.000000
-322.750000
-322.750000
-328.250000
-320.000000
-325.500000
-325.500000
-333.750000
-322.750000
-325.500000
-311.750000
-328.250000
-336.500000
-309.000000
-342.000000
-331.000000
-314.500000
-331.000000
-333.750000
-328.250000
-322.750000
-331.000000
-309.000000
-322.750000
-322.750000
-317.250000
-324.000000
-325.500000
-324.500000
-322.500000
-326.000000
-322.250000
-324.500000
-323.000000
-323.500000
-322.250000
-324.500000
-322.250000
-324.000000
-325.750000
-323.750000
-324.000000
-323.250000
-322.500000
-322.750000
-324.000000
-324.500000
-324.250000
-324.250000
-323.000000
-322.750000
-324.000000
-324.000000
-324.500000
-323.750000
-324.250000
-324.250000
-325.000000
-324.000000
-324.250000
-323.000000
-324.500000
-325.250000
-322.750000
-325.750000
-324.750000
-323.250000
-324.750000
-325.000000
-324.500000
-324.000000
-324.750000
-322.750000
-324.000000
-324.000000
-323.500000
-324.000000
-325.500000
-324.500000
-322.500000
-326.000000
-322.250000
-324.500000
-323.000000
-323.500000
-322.250000
-324.500000
-322.250000
-324.000000
-325.750000
-323.750000
-324.000000
-323.250000
-322.500000
-322.750000
-324.000000
-324.500000
-324.250000
-324.250000
-323.000000
-322.750000
-324.000000
-324.000000
-324.500000
-323.750000
-324.250000
-324.250000
-325.000000
-324.000000
-324.250000
-323.000000
-324.500000
-325.250000
-322.750000
-325.750000
-324.750000
-323.250000
-324.750000
-325.000000
-324.500000
-324.000000
-324.750000
-322.750000
-324.000000
-324.000000
-323.500000
-324.500000
-320.000000
-323.000000
-329.000000
-318.500000
-329.750000
-323.000000
-327.500000
-326.000000
-329.750000
-323.000000
-329.750000
-324.500000
-319.250000
-325.250000
-324.500000
-326.750000
-329.000000
-328.250000
-324.500000
-323.000000
-323.750000
-323.750000
-327.500000
-328.250000
-324.500000
-324.500000
-323.000000
-325.250000
-323.750000
-323.750000
-321.500000
-324.500000
-323.750000
-327.500000
-323.000000
-320.750000
-328.250000
-319.250000
-322.250000
-326.750000
-322.250000
-321.500000
-323.000000
-324.500000
-322.250000
-328.250000
-324.500000
-324.500000
-326.000000
-323.750000
-328.250000
-325.250000
-319.250000
-329.750000
-318.500000
-325.250000
-320.750000
-322.250000
-318.500000
-325.250000
-318.500000
-323.750000
-329.000000
-323.000000
-323.750000
-321.500000
-319.250000
-320.000000
-323.750000
-325.250000
-324.500000
-324.500000
-320.750000
-320.000000
-323.750000
-323.750000
-325.250000
-323.000000
-324.500000
-324.500000
-326.750000
-323.750000
-324.500000
-320.750000
-325.250000
-327.500000
-320.000000
-329.000000
-326.000000
-321.500000
-326.000000
-326.750000
-325.250000
-323.750000
-326.000000
-320.000000
-323.750000
-323.750000
-322.250000
-324.250000
-322.750000
-323.750000
-325.750000
-322.250000
-326.000000
-323.750000
-325.250000
-324.750000
-326.000000
-323.750000
-326.000000
-324.250000
-322.500000
-324.500000
-324.250000
-325.000000
-325.750000
-325.500000
-324.250000
-323.750000
-324.000000
-324.000000
-325.250000
-325.500000
-324.250000
-324.250000
-323.750000
-324.500000
-324.000000
-324.000000
-323.250000
-324.250000
-324.000000
-325.250000
-323.750000
-323.000000
-325.500000
-322.500000
-323.500000
-325.000000
-323.500000
-323.250000
-323.750000
-324.250000
-323.500000
-325.500000
-324.250000
-324.250000
-324.750000
-324.250000
-322.750000
-323.750000
-325.750000
-322.250000
-326.000000
-323.750000
-325.250000
-324.750000
-326.000000
-323.750000
-326.000000
-324.250000
-322.500000
-324.500000
-324.250000
-325.000000
-325.750000
-325.500000
-324.250000
-323.750000
-324.000000
-324.000000
-325.250000
-325.500000
-324.250000
-324.250000
-323.750000
-324.500000
-324.000000
-324.000000
-323.250000
-324.250000
-324.000000
-325.250000
-323.750000
-323.000000
-325.500000
-322.500000
-323.500000
-325.000000
-323.500000
-323.250000
-323.750000
-324.250000
-323.500000
-325.500000
-324.250000
-324.250000
-324.750000
-325.000000
-314.500000
-321.500000
-335.500000
-311.000000
-337.250000
-321.500000
-332.000000
-328.500000
-337.250000
-321.500000
-337.250000
-325.000000
-312.750000
-326.750000
-325.000000
-330.250000
-335.500000
-333.750000
-325.000000
-321.500000
-323.250000
-323.250000
-332.000000
-333.750000
-325.000000
-325.000000
-321.500000
-326.750000
-323.250000
-323.250000
-318.000000
-325.000000
-323.250000
-332.000000
-321.500000
-316.250000
-333.750000
-312.750000
-319.750000
-330.250000
-319.750000
-318.000000
-321.500000
-325.000000
-319.750000
-333.750000
-325.000000
-325.000000
-328.500000
-324.000000
-325.500000
-324.500000
-322.500000
-326.000000
-322.250000
-324.500000
-323.000000
-323.500000
-322.250000
-324.500000
-322.250000
-324.000000
-325.750000
-323.750000
-324.000000
-323.250000
-322.500000
-322.750000
-324.000000
-324.500000
-324.250000
-324.250000
-323.000000
-322.750000
-324.000000
-324.000000
-324.500000
-323.750000
-324.250000
-324.250000
-325.000000
-324.000000
-324.250000
-323.000000
-324.500000
-325.250000
-322.750000
-325.750000
-324.750000
-323.250000
-324.750000
-325.000000
-324.500000
-324.000000
-324.750000
-322.750000
-324.000000
-324.000000
-323.500000
-324.250000
-322.750000
-323.750000
-325.750000
-322.250000
-326.000000
-323.750000
-325.250000
-324.750000
-326.000000
-323.750000
-326.000000
-324.250000
-322.500000
-324.500000
-324.250000
-325.000000
-325.750000
-325.500000
-324.250000
-323.750000
-324.000000
-324.000000
-325.250000
-325.500000
-324.250000
-324.250000
-323.750000
-324.500000
-324.000000
-324.000000
-323.250000
-324.250000
-324.000000
-325.250000
-323.750000
-323.000000
-325.500000
-322.500000
-323.500000
-325.000000
-323.500000
-323.250000
-323.750000
-324.250000
-323.500000
-325.500000
-324.250000
-324.250000
-324.750000
-323.000000
-336.500000
-327.500000
-309.500000
-341.000000
-307.250000
-327.500000
-314.000000
-318.500000
-307.250000
-327.500000
-307.250000
-323.000000
-338.750000
-320.750000
-323.000000
-316.250000
-309.500000
-311.750000
-323.000000
-327.500000
-325.250000
-325.250000
-314.000000
-311.750000
-323.000000
-323.000000
-327.500000
-320.750000
-325.250000
-325.250000
-332.000000
-323.000000
-325.250000
-314.000000
-327.500000
-334.250000
-311.750000
-338.750000
-329.750000
-316.250000
-329.750000
-332.000000
-327.500000
-323.000000
-329.750000
-311.750000
-323.000000
-323.000000
-318.500000
-324.500000
-320.000000
-323.000000
-329.000000
-318.500000
-329.750000
-323.000000
-327.500000
-326.000000
-329.750000
-323.000000
-329.750000
-324.500000
-319.250000
-325.250000
-324.500000
-326.750000
-329.000000
-328.250000
-324.500000
-323.000000
-323.750000
-323.750000
-327.500000
-328.250000
-324.500000
-324.500000
-323.000000
-325.250000
-323.750000
-323.750000
-321.500000
-324.500000
-323.750000
-327.500000
-323.000000
-320.750000
-328.250000
-319.250000
-322.250000
-326.750000
-322.250000
-321.500000
-323.000000
-324.500000
-322.250000
-328.250000
-324.500000
-324.500000
-326.000000
-325.250000
-311.750000
-320.750000
-338.750000
-307.250000
-341.000000
-320.750000
-334.250000
-329.750000
-341.000000
-320.750000
-341.000000
-325.250000
-309.500000
-327.500000
-325.250000
-332.000000
-338.750000
-336.500000
-325.250000
-320.750000
-323.000000
-323.000000
-334.250000
-336.500000
-325.250000
-325.250000
-320.750000
-327.500000
-323.000000
-323.000000
-316.250000
-325.250000
-323.000000
-334.250000
-320.750000
-314.000000
-336.500000
-309.500000
-318.500000
-332.000000
-318.500000
-316.250000
-320.750000
-325.250000
-318.500000
-336.500000
-325.250000
-325.250000
-329.750000
-322.750000
-339.250000
-328.250000
-306.250000
-344.750000
-303.500000
-328.250000
-311.750000
-317.250000
-303.500000
-328.250000
-303.500000
-322.750000
-342.000000
-320.000000
-322.750000
-314.500000
-306.250000
-309.000000
-322.750000
-328.250000
-325.500000
-325.500000
-311.750000
-309.000000
-322.750000
-322.750000
-328.250000
-320.000000
-325.500000
-325.500000
-333.750000
-322.750000
-325.500000
-311.750000
-328.250000
-336.500000
-309.000000
-342.000000
-331.000000
-314.500000
-331.000000
-333.750000
-328.250000
-322.750000
-331.000000
-309.000000
-322.750000
-322.750000
-317.250000
-325.750000
-306.250000
-319.250000
-345.250000
-299.750000
-348.500000
-319.250000
-338.750000
-332.250000
-348.500000
-319.250000
-348.500000
-325.750000
-303.000000
-329.000000
-325.750000
-335.500000
-345.250000
-342.000000
-325.750000
-319.250000
-322.500000
-322.500000
-338.750000
-342.000000
-325.750000
-325.750000
-319.250000
-329.000000
-322.500000
-322.500000
-312.750000
-325.750000
-322.500000
-338.750000
-319.250000
-309.500000
-342.000000
-303.000000
-316.000000
-335.500000
-316.000000
-312.750000
-319.250000
-325.750000
-316.000000
-342.000000
-325.750000
-325.750000
-332.250000
-324.750000
-317.250000
-322.250000
-332.250000
-314.750000
-333.500000
-322.250000
-329.750000
-327.250000
-333.500000
-322.250000
-333.500000
-324.750000
-316.000000
-326.000000
-324.750000
-328.500000
-332.250000
-331.000000
-324.750000
-322.250000
-323.500000
-323.500000
-329.750000
-331.000000
-324.750000
-324.750000
-322.250000
-326.000000
-323.500000
-323.500000
-319.750000
-324.750000
-323.500000
-329.750000
-322.250000
-318.500000
-331.000000
-316.000000
-321.000000
-328.500000
-321.000000
-319.750000
-322.250000
-324.750000
-321.000000
-331.000000
-324.750000
-324.750000
-327.250000
-323.250000
-333.750000
-326.750000
-312.750000
-337.250000
-311.000000
-326.750000
-316.250000
-319.750000
-311.000000
-326.750000
-311.000000
-323.250000
-335.500000
-321.500000
-323.250000
-318.000000
-312.750000
-314.500000
-323.250000
-326.750000
-325.000000
-325.000000
-316.250000
-314.500000
-323.250000
-323.250000
-326.750000
-321.500000
-325.000000
-325.000000
-330.250000
-323.250000
-325.000000
-316.250000
-326.750000
-332.000000
-314.500000
-335.500000
-328.500000
-318.000000
-328.500000
-330.250000
-326.750000
-323.250000
-328.500000
-314.500000
-323.250000
-323.250000
-319.750000
-324.750000
-317.250000
-322.250000
-332.250000
-314.750000
-333.500000
-322.250000
-329.750000
-327.250000
-333.500000
-322.250000
-333.500000
-324.750000
-316.000000
-326.000000
-324.750000
-328.500000
-332.250000
-331.000000
-324.750000
-322.250000
-323.500000
-323.500000
-329.750000
-331.000000
-324.750000
-324.750000
-322.250000
-326.000000
-323.500000
-323.500000
-319.750000
-324.750000
-323.500000
-329.750000
-322.250000
-318.500000
-331.000000
-316.000000
-321.000000
-328.500000
-321.000000
-319.750000
-322.250000
-324.750000
-321.000000
-331.000000
-324.750000
-324.750000
-327.250000
-325.000000
-314.500000
-321.500000
-335.500000
-311.000000
-337.250000
-321.500000
-332.000000
-328.500000
-337.250000
-321.500000
-337.250000
-325.000000
-312.750000
-326.750000
-325.000000
-330.250000
-335.500000
-333.750000
-325.000000
-321.500000
-323.250000
-323.250000
-332.000000
-333.750000
-325.000000
-325.000000
-321.500000
-326.750000
-323.250000
-323.250000
-318.000000
-325.000000
-323.250000
-332.000000
-321.500000
-316.250000
-333.750000
-312.750000
-319.750000
-330.250000
-319.750000
-318.000000
-321.500000
-325.000000
-319.750000
-333.750000
-325.000000
-325.000000
-328.500000
-324.500000
-320.000000
-323.000000
-329.000000
-318.500000
-329.750000
-323.000000
-327.500000
-326.000000
-329.750000
-323.000000
-329.750000
-324.500000
-319.250000
-325.250000
-324.500000
-326.750000
-329.000000
-328.250000
-324.500000
-323.000000
-323.750000
-323.750000
-327.500000
-328.250000
-324.500000
-324.500000
-323.000000
-325.250000
-323.750000
-323.750000
-321.500000
-324.500000
-323.750000
-327.500000
-323.000000
-320.750000
-328.250000
-319.250000
-322.250000
-326.750000
-322.250000
-321.500000
-323.000000
-324.500000
-322.250000
-328.250000
-324.500000
-324.500000
-326.000000
-324.000000
-325.500000
-324.500000
-322.500000
-326.000000
-322.250000
-324.500000
-323.000000
-323.500000
-322.250000
-324.500000
-322.250000
-324.000000
-325.750000
-323.750000
-324.000000
-323.250000
-322.500000
-322.750000
-324.000000
-324.500000
-324.250000
-324.250000
-323.000000
-322.750000
-324.000000
-324.000000
-324.500000
-323.750000
-324.250000
-324.250000
-325.000000
-324.000000
-324.250000
-323.000000
-324.500000
-325.250000
-322.750000
-325.750000
-324.750000
-323.250000
-324.750000
-325.000000
-324.500000
-324.000000
-324.750000
-322.750000
-324.000000
-324.000000
-323.500000
-324.750000
-317.250000
-322.250000
-332.250000
-314.750000
-333.500000
-322.250000
-329.750000
-327.250000
-333.500000
-322.250000
-333.500000
-324.750000
-316.000000
-326.000000
-324.750000
-328.500000
-332.250000
-331.000000
-324.750000
-322.250000
-323.500000
-323.500000
-329.750000
-331.000000
-324.750000
-324.750000
-322.250000
-326.000000
-323.500000
-323.500000
-319.750000
-324.750000
-323.500000
-329.750000
-322.250000
-318.500000
-331.000000
-316.000000
-321.000000
-328.500000
-321.000000
-319.750000
-322.250000
-324.750000
-321.000000
-331.000000
-324.750000
-324.750000
-327.250000
-322.750000
-339.250000
-328.250000
-306.250000
-344.750000
-303.500000
-328.250000
-311.750000
-317.250000
-303.500000
-328.250000
-303.500000
-322.750000
-342.000000
-320.000000
-322.750000
-314.500000
-306.250000
-309.000000
-322.750000
-328.250000
-325.500000
-325.500000
-311.750000
-309.000000
-322.750000
-322.750000
-328.250000
-320.000000
-325.500000
-325.500000
-333.750000
-322.750000
-325.500000
-311.750000
-328.250000
-336.500000
-309.000000
-342.000000
-331.000000
-314.500000
-331.000000
-333.750000
-328.250000
-322.750000
-331.000000
-309.000000
-322.750000
-322.750000
-317.250000
-324.000000
-325.500000
-324.500000
-322.500000
-326.000000
-322.250000
-324.500000
-323.000000
-323.500000
-322.250000
-324.500000
-322.250000
-324.000000
-325.750000
-323.750000
-324.000000
-323.250000
-322.500000
-322.750000
-324.000000
-324.500000
-324.250000
-324.250000
-323.000000
-322.750000
-324.000000
-324.000000
-324.500000
-323.750000
-324.250000
-324.250000
-325.000000
-324.000000
-324.250000
-323.000000
-324.500000
-325.250000
-322.750000
-325.750000
-324.750000
-323.250000
-324.750000
-325.000000
-324.500000
-324.000000
-324.750000
-322.750000
-324.000000
-324.000000
-323.500000
-324.000000
-325.500000
-324.500000
-322.500000
-326.000000
-322.250000
-324.500000
-323.000000
-323.500000
-322.250000
-324.500000
-322.250000
-324.000000
-325.750000
-323.750000
-324.000000
-323.250000
-322.500000
-322.750000
-324.000000
-324.500000
-324.250000
-324.250000
-323.000000
-322.750000
-324.000000
-324.000000
-324.500000
-323.750000
-324.250000
-324.250000
-325.000000
-324.000000
-324.250000
-323.000000
-324.500000
-325.250000
-322.750000
-325.750000
-324.750000
-323.250000
-324.750000
-325.000000
-324.500000
-324.000000
-324.750000
-322.750000
-324.000000
-324.000000
-323.500000
-323.500000
-331.000000
-326.000000
-316.000000
-333.500000
-314.750000
-326.000000
-318.500000
-321.000000
-314.750000
-326.000000
-314.750000
-323.500000
-332.250000
-322.250000
-323.500000
-319.750000
-316.000000
-317.250000
-323.500000
-326.000000
-324.750000
-324.750000
-318.500000
-317.250000
-323.500000
-323.500000
-326.000000
-322.250000
-324.750000
-324.750000
-328.500000
-323.500000
-324.750000
-318.500000
-326.000000
-329.750000
-317.250000
-332.250000
-327.250000
-319.750000
-327.250000
-328.500000
-326.000000
-323.500000
-327.250000
-317.250000
-323.500000
-323.500000
-321.000000
